crop001001a.bmp 1 0 0 96 160
crop001001b.bmp 1 0 0 96 160
crop001001c.bmp 1 0 0 96 160
crop001001d.bmp 1 0 0 96 160
crop001001e.bmp 1 0 0 96 160
crop001001f.bmp 1 0 0 96 160
crop001002a.bmp 1 0 0 96 160
crop001002b.bmp 1 0 0 96 160
crop001002c.bmp 1 0 0 96 160
crop001002d.bmp 1 0 0 96 160
crop001003a.bmp 1 0 0 96 160
crop001003b.bmp 1 0 0 96 160
crop001003c.bmp 1 0 0 96 160
crop001003d.bmp 1 0 0 96 160
crop001004a.bmp 1 0 0 96 160
crop001004b.bmp 1 0 0 96 160
crop001004c.bmp 1 0 0 96 160
crop001004d.bmp 1 0 0 96 160
crop001005a.bmp 1 0 0 96 160
crop001005b.bmp 1 0 0 96 160
crop001005c.bmp 1 0 0 96 160
crop001005d.bmp 1 0 0 96 160
crop001006a.bmp 1 0 0 96 160
crop001006b.bmp 1 0 0 96 160
crop001006c.bmp 1 0 0 96 160
crop001006d.bmp 1 0 0 96 160
crop001007a.bmp 1 0 0 96 160
crop001007b.bmp 1 0 0 96 160
crop001007c.bmp 1 0 0 96 160
crop001007d.bmp 1 0 0 96 160
crop001007e.bmp 1 0 0 96 160
crop001007f.bmp 1 0 0 96 160
crop001007g.bmp 1 0 0 96 160
crop001007h.bmp 1 0 0 96 160
crop001007i.bmp 1 0 0 96 160
crop001007j.bmp 1 0 0 96 160
crop001008a.bmp 1 0 0 96 160
crop001008b.bmp 1 0 0 96 160
crop001008c.bmp 1 0 0 96 160
crop001008d.bmp 1 0 0 96 160
crop001009a.bmp 1 0 0 96 160
crop001009b.bmp 1 0 0 96 160
crop001010a.bmp 1 0 0 96 160
crop001010b.bmp 1 0 0 96 160
crop001011a.bmp 1 0 0 96 160
crop001011b.bmp 1 0 0 96 160
crop001011c.bmp 1 0 0 96 160
crop001011d.bmp 1 0 0 96 160
crop001012a.bmp 1 0 0 96 160
crop001012b.bmp 1 0 0 96 160
crop001013a.bmp 1 0 0 96 160
crop001013b.bmp 1 0 0 96 160
crop001014a.bmp 1 0 0 96 160
crop001014b.bmp 1 0 0 96 160
crop001015a.bmp 1 0 0 96 160
crop001015b.bmp 1 0 0 96 160
crop001016a.bmp 1 0 0 96 160
crop001016b.bmp 1 0 0 96 160
crop001017a.bmp 1 0 0 96 160
crop001017b.bmp 1 0 0 96 160
crop001018a.bmp 1 0 0 96 160
crop001018b.bmp 1 0 0 96 160
crop001019a.bmp 1 0 0 96 160
crop001019b.bmp 1 0 0 96 160
crop001020a.bmp 1 0 0 96 160
crop001020b.bmp 1 0 0 96 160
crop001021a.bmp 1 0 0 96 160
crop001021b.bmp 1 0 0 96 160
crop001022a.bmp 1 0 0 96 160
crop001022b.bmp 1 0 0 96 160
crop001023a.bmp 1 0 0 96 160
crop001023b.bmp 1 0 0 96 160
crop001023c.bmp 1 0 0 96 160
crop001023d.bmp 1 0 0 96 160
crop001024a.bmp 1 0 0 96 160
crop001024b.bmp 1 0 0 96 160
crop001025a.bmp 1 0 0 96 160
crop001025b.bmp 1 0 0 96 160
crop001026a.bmp 1 0 0 96 160
crop001026b.bmp 1 0 0 96 160
crop001026c.bmp 1 0 0 96 160
crop001026d.bmp 1 0 0 96 160
crop001026e.bmp 1 0 0 96 160
crop001026f.bmp 1 0 0 96 160
crop001027a.bmp 1 0 0 96 160
crop001027b.bmp 1 0 0 96 160
crop001028a.bmp 1 0 0 96 160
crop001028b.bmp 1 0 0 96 160
crop001029a.bmp 1 0 0 96 160
crop001029b.bmp 1 0 0 96 160
crop001030a.bmp 1 0 0 96 160
crop001030b.bmp 1 0 0 96 160
crop001030c.bmp 1 0 0 96 160
crop001030d.bmp 1 0 0 96 160
crop001031a.bmp 1 0 0 96 160
crop001031b.bmp 1 0 0 96 160
crop001032a.bmp 1 0 0 96 160
crop001032b.bmp 1 0 0 96 160
crop001033a.bmp 1 0 0 96 160
crop001033b.bmp 1 0 0 96 160
crop001034a.bmp 1 0 0 96 160
crop001034b.bmp 1 0 0 96 160
crop001035a.bmp 1 0 0 96 160
crop001035b.bmp 1 0 0 96 160
crop001036a.bmp 1 0 0 96 160
crop001036b.bmp 1 0 0 96 160
crop001037a.bmp 1 0 0 96 160
crop001037b.bmp 1 0 0 96 160
crop001038a.bmp 1 0 0 96 160
crop001038b.bmp 1 0 0 96 160
crop001038c.bmp 1 0 0 96 160
crop001038d.bmp 1 0 0 96 160
crop001038e.bmp 1 0 0 96 160
crop001038f.bmp 1 0 0 96 160
crop001038g.bmp 1 0 0 96 160
crop001038h.bmp 1 0 0 96 160
crop001039a.bmp 1 0 0 96 160
crop001039b.bmp 1 0 0 96 160
crop001039c.bmp 1 0 0 96 160
crop001039d.bmp 1 0 0 96 160
crop001040a.bmp 1 0 0 96 160
crop001040b.bmp 1 0 0 96 160
crop001042a.bmp 1 0 0 96 160
crop001042b.bmp 1 0 0 96 160
crop001042c.bmp 1 0 0 96 160
crop001042d.bmp 1 0 0 96 160
crop001043a.bmp 1 0 0 96 160
crop001043b.bmp 1 0 0 96 160
crop001044a.bmp 1 0 0 96 160
crop001044b.bmp 1 0 0 96 160
crop001045a.bmp 1 0 0 96 160
crop001045b.bmp 1 0 0 96 160
crop001046a.bmp 1 0 0 96 160
crop001046b.bmp 1 0 0 96 160
crop001047a.bmp 1 0 0 96 160
crop001047b.bmp 1 0 0 96 160
crop001048a.bmp 1 0 0 96 160
crop001048b.bmp 1 0 0 96 160
crop001050a.bmp 1 0 0 96 160
crop001050b.bmp 1 0 0 96 160
crop001050c.bmp 1 0 0 96 160
crop001050d.bmp 1 0 0 96 160
crop001050e.bmp 1 0 0 96 160
crop001050f.bmp 1 0 0 96 160
crop001050g.bmp 1 0 0 96 160
crop001050h.bmp 1 0 0 96 160
crop001050i.bmp 1 0 0 96 160
crop001050j.bmp 1 0 0 96 160
crop001051a.bmp 1 0 0 96 160
crop001051b.bmp 1 0 0 96 160
crop001051c.bmp 1 0 0 96 160
crop001051d.bmp 1 0 0 96 160
crop001052a.bmp 1 0 0 96 160
crop001052b.bmp 1 0 0 96 160
crop001053a.bmp 1 0 0 96 160
crop001053b.bmp 1 0 0 96 160
crop001054a.bmp 1 0 0 96 160
crop001054b.bmp 1 0 0 96 160
crop001054c.bmp 1 0 0 96 160
crop001054d.bmp 1 0 0 96 160
crop001055a.bmp 1 0 0 96 160
crop001055b.bmp 1 0 0 96 160
crop001056a.bmp 1 0 0 96 160
crop001056b.bmp 1 0 0 96 160
crop001056c.bmp 1 0 0 96 160
crop001056d.bmp 1 0 0 96 160
crop001057a.bmp 1 0 0 96 160
crop001057b.bmp 1 0 0 96 160
crop001058a.bmp 1 0 0 96 160
crop001058b.bmp 1 0 0 96 160
crop001059a.bmp 1 0 0 96 160
crop001059b.bmp 1 0 0 96 160
crop001060a.bmp 1 0 0 96 160
crop001060b.bmp 1 0 0 96 160
crop001061a.bmp 1 0 0 96 160
crop001061b.bmp 1 0 0 96 160
crop001061c.bmp 1 0 0 96 160
crop001061d.bmp 1 0 0 96 160
crop001063a.bmp 1 0 0 96 160
crop001063b.bmp 1 0 0 96 160
crop001063c.bmp 1 0 0 96 160
crop001063d.bmp 1 0 0 96 160
crop001063e.bmp 1 0 0 96 160
crop001063f.bmp 1 0 0 96 160
crop001063g.bmp 1 0 0 96 160
crop001063h.bmp 1 0 0 96 160
crop001064a.bmp 1 0 0 96 160
crop001064b.bmp 1 0 0 96 160
crop001064c.bmp 1 0 0 96 160
crop001064d.bmp 1 0 0 96 160
crop001064e.bmp 1 0 0 96 160
crop001064f.bmp 1 0 0 96 160
crop001064g.bmp 1 0 0 96 160
crop001064h.bmp 1 0 0 96 160
crop001066a.bmp 1 0 0 96 160
crop001066b.bmp 1 0 0 96 160
crop001068a.bmp 1 0 0 96 160
crop001068b.bmp 1 0 0 96 160
crop001069a.bmp 1 0 0 96 160
crop001069b.bmp 1 0 0 96 160
crop001069c.bmp 1 0 0 96 160
crop001069d.bmp 1 0 0 96 160
crop001070a.bmp 1 0 0 96 160
crop001070b.bmp 1 0 0 96 160
crop001071a.bmp 1 0 0 96 160
crop001071b.bmp 1 0 0 96 160
crop001072a.bmp 1 0 0 96 160
crop001072b.bmp 1 0 0 96 160
crop001072c.bmp 1 0 0 96 160
crop001072d.bmp 1 0 0 96 160
crop001072e.bmp 1 0 0 96 160
crop001072f.bmp 1 0 0 96 160
crop001072g.bmp 1 0 0 96 160
crop001072h.bmp 1 0 0 96 160
crop001072i.bmp 1 0 0 96 160
crop001072j.bmp 1 0 0 96 160
crop001072k.bmp 1 0 0 96 160
crop001072l.bmp 1 0 0 96 160
crop001073a.bmp 1 0 0 96 160
crop001073b.bmp 1 0 0 96 160
crop001073c.bmp 1 0 0 96 160
crop001073d.bmp 1 0 0 96 160
crop001074a.bmp 1 0 0 96 160
crop001074b.bmp 1 0 0 96 160
crop001074c.bmp 1 0 0 96 160
crop001074d.bmp 1 0 0 96 160
crop001074e.bmp 1 0 0 96 160
crop001074f.bmp 1 0 0 96 160
crop001074g.bmp 1 0 0 96 160
crop001074h.bmp 1 0 0 96 160
crop001074i.bmp 1 0 0 96 160
crop001074j.bmp 1 0 0 96 160
crop001074k.bmp 1 0 0 96 160
crop001074l.bmp 1 0 0 96 160
crop001074m.bmp 1 0 0 96 160
crop001074n.bmp 1 0 0 96 160
crop001075a.bmp 1 0 0 96 160
crop001075b.bmp 1 0 0 96 160
crop001075c.bmp 1 0 0 96 160
crop001075d.bmp 1 0 0 96 160
crop001078a.bmp 1 0 0 96 160
crop001078b.bmp 1 0 0 96 160
crop001078c.bmp 1 0 0 96 160
crop001078d.bmp 1 0 0 96 160
crop001078e.bmp 1 0 0 96 160
crop001078f.bmp 1 0 0 96 160
crop001079a.bmp 1 0 0 96 160
crop001079b.bmp 1 0 0 96 160
crop001079c.bmp 1 0 0 96 160
crop001079d.bmp 1 0 0 96 160
crop001079e.bmp 1 0 0 96 160
crop001079f.bmp 1 0 0 96 160
crop001079g.bmp 1 0 0 96 160
crop001079h.bmp 1 0 0 96 160
crop001079i.bmp 1 0 0 96 160
crop001079j.bmp 1 0 0 96 160
crop001081a.bmp 1 0 0 96 160
crop001081b.bmp 1 0 0 96 160
crop001081c.bmp 1 0 0 96 160
crop001081d.bmp 1 0 0 96 160
crop001081e.bmp 1 0 0 96 160
crop001081f.bmp 1 0 0 96 160
crop001083a.bmp 1 0 0 96 160
crop001083b.bmp 1 0 0 96 160
crop001083c.bmp 1 0 0 96 160
crop001083d.bmp 1 0 0 96 160
crop001083e.bmp 1 0 0 96 160
crop001083f.bmp 1 0 0 96 160
crop001084a.bmp 1 0 0 96 160
crop001084b.bmp 1 0 0 96 160
crop001085a.bmp 1 0 0 96 160
crop001085b.bmp 1 0 0 96 160
crop001086a.bmp 1 0 0 96 160
crop001086b.bmp 1 0 0 96 160
crop001086c.bmp 1 0 0 96 160
crop001086d.bmp 1 0 0 96 160
crop001087a.bmp 1 0 0 96 160
crop001087b.bmp 1 0 0 96 160
crop001088a.bmp 1 0 0 96 160
crop001088b.bmp 1 0 0 96 160
crop001089a.bmp 1 0 0 96 160
crop001089b.bmp 1 0 0 96 160
crop001090a.bmp 1 0 0 96 160
crop001090b.bmp 1 0 0 96 160
crop001091a.bmp 1 0 0 96 160
crop001091b.bmp 1 0 0 96 160
crop001092a.bmp 1 0 0 96 160
crop001092b.bmp 1 0 0 96 160
crop001093a.bmp 1 0 0 96 160
crop001093b.bmp 1 0 0 96 160
crop001093c.bmp 1 0 0 96 160
crop001093d.bmp 1 0 0 96 160
crop001093e.bmp 1 0 0 96 160
crop001093f.bmp 1 0 0 96 160
crop001094a.bmp 1 0 0 96 160
crop001094b.bmp 1 0 0 96 160
crop001094c.bmp 1 0 0 96 160
crop001094d.bmp 1 0 0 96 160
crop001094e.bmp 1 0 0 96 160
crop001094f.bmp 1 0 0 96 160
crop001094g.bmp 1 0 0 96 160
crop001094h.bmp 1 0 0 96 160
crop001094i.bmp 1 0 0 96 160
crop001094j.bmp 1 0 0 96 160
crop001095a.bmp 1 0 0 96 160
crop001095b.bmp 1 0 0 96 160
crop001095c.bmp 1 0 0 96 160
crop001095d.bmp 1 0 0 96 160
crop001096a.bmp 1 0 0 96 160
crop001096b.bmp 1 0 0 96 160
crop001097a.bmp 1 0 0 96 160
crop001097b.bmp 1 0 0 96 160
crop001097c.bmp 1 0 0 96 160
crop001097d.bmp 1 0 0 96 160
crop001097e.bmp 1 0 0 96 160
crop001097f.bmp 1 0 0 96 160
crop001098a.bmp 1 0 0 96 160
crop001098b.bmp 1 0 0 96 160
crop001099a.bmp 1 0 0 96 160
crop001099b.bmp 1 0 0 96 160
crop001099c.bmp 1 0 0 96 160
crop001099d.bmp 1 0 0 96 160
crop001102a.bmp 1 0 0 96 160
crop001102b.bmp 1 0 0 96 160
crop001102c.bmp 1 0 0 96 160
crop001102d.bmp 1 0 0 96 160
crop001102e.bmp 1 0 0 96 160
crop001102f.bmp 1 0 0 96 160
crop001102g.bmp 1 0 0 96 160
crop001102h.bmp 1 0 0 96 160
crop001102i.bmp 1 0 0 96 160
crop001102j.bmp 1 0 0 96 160
crop001102k.bmp 1 0 0 96 160
crop001102l.bmp 1 0 0 96 160
crop001102m.bmp 1 0 0 96 160
crop001102n.bmp 1 0 0 96 160
crop001103a.bmp 1 0 0 96 160
crop001103b.bmp 1 0 0 96 160
crop001104a.bmp 1 0 0 96 160
crop001104b.bmp 1 0 0 96 160
crop001104c.bmp 1 0 0 96 160
crop001104d.bmp 1 0 0 96 160
crop001104e.bmp 1 0 0 96 160
crop001104f.bmp 1 0 0 96 160
crop001105a.bmp 1 0 0 96 160
crop001105b.bmp 1 0 0 96 160
crop001106a.bmp 1 0 0 96 160
crop001106b.bmp 1 0 0 96 160
crop001107a.bmp 1 0 0 96 160
crop001107b.bmp 1 0 0 96 160
crop001107c.bmp 1 0 0 96 160
crop001107d.bmp 1 0 0 96 160
crop001107e.bmp 1 0 0 96 160
crop001107f.bmp 1 0 0 96 160
crop001108a.bmp 1 0 0 96 160
crop001108b.bmp 1 0 0 96 160
crop001109a.bmp 1 0 0 96 160
crop001109b.bmp 1 0 0 96 160
crop001110a.bmp 1 0 0 96 160
crop001110b.bmp 1 0 0 96 160
crop001110c.bmp 1 0 0 96 160
crop001110d.bmp 1 0 0 96 160
crop001111a.bmp 1 0 0 96 160
crop001111b.bmp 1 0 0 96 160
crop001112a.bmp 1 0 0 96 160
crop001112b.bmp 1 0 0 96 160
crop001112c.bmp 1 0 0 96 160
crop001112d.bmp 1 0 0 96 160
crop001113a.bmp 1 0 0 96 160
crop001113b.bmp 1 0 0 96 160
crop001113c.bmp 1 0 0 96 160
crop001113d.bmp 1 0 0 96 160
crop001113e.bmp 1 0 0 96 160
crop001113f.bmp 1 0 0 96 160
crop001114a.bmp 1 0 0 96 160
crop001114b.bmp 1 0 0 96 160
crop001114c.bmp 1 0 0 96 160
crop001114d.bmp 1 0 0 96 160
crop001114e.bmp 1 0 0 96 160
crop001114f.bmp 1 0 0 96 160
crop001115a.bmp 1 0 0 96 160
crop001115b.bmp 1 0 0 96 160
crop001115c.bmp 1 0 0 96 160
crop001115d.bmp 1 0 0 96 160
crop001116a.bmp 1 0 0 96 160
crop001116b.bmp 1 0 0 96 160
crop001116c.bmp 1 0 0 96 160
crop001116d.bmp 1 0 0 96 160
crop001119a.bmp 1 0 0 96 160
crop001119b.bmp 1 0 0 96 160
crop001120a.bmp 1 0 0 96 160
crop001120b.bmp 1 0 0 96 160
crop001120c.bmp 1 0 0 96 160
crop001120d.bmp 1 0 0 96 160
crop001120e.bmp 1 0 0 96 160
crop001120f.bmp 1 0 0 96 160
crop001120g.bmp 1 0 0 96 160
crop001120h.bmp 1 0 0 96 160
crop001121a.bmp 1 0 0 96 160
crop001121b.bmp 1 0 0 96 160
crop001121c.bmp 1 0 0 96 160
crop001121d.bmp 1 0 0 96 160
crop001121e.bmp 1 0 0 96 160
crop001121f.bmp 1 0 0 96 160
crop001122a.bmp 1 0 0 96 160
crop001122b.bmp 1 0 0 96 160
crop001122c.bmp 1 0 0 96 160
crop001122d.bmp 1 0 0 96 160
crop001123a.bmp 1 0 0 96 160
crop001123b.bmp 1 0 0 96 160
crop001123c.bmp 1 0 0 96 160
crop001123d.bmp 1 0 0 96 160
crop001124a.bmp 1 0 0 96 160
crop001124b.bmp 1 0 0 96 160
crop001124c.bmp 1 0 0 96 160
crop001124d.bmp 1 0 0 96 160
crop001125a.bmp 1 0 0 96 160
crop001125b.bmp 1 0 0 96 160
crop001125c.bmp 1 0 0 96 160
crop001125d.bmp 1 0 0 96 160
crop001126a.bmp 1 0 0 96 160
crop001126b.bmp 1 0 0 96 160
crop001126c.bmp 1 0 0 96 160
crop001126d.bmp 1 0 0 96 160
crop001126e.bmp 1 0 0 96 160
crop001126f.bmp 1 0 0 96 160
crop001126g.bmp 1 0 0 96 160
crop001126h.bmp 1 0 0 96 160
crop001126i.bmp 1 0 0 96 160
crop001126j.bmp 1 0 0 96 160
crop001126k.bmp 1 0 0 96 160
crop001126l.bmp 1 0 0 96 160
crop001127a.bmp 1 0 0 96 160
crop001127b.bmp 1 0 0 96 160
crop001127c.bmp 1 0 0 96 160
crop001127d.bmp 1 0 0 96 160
crop001127e.bmp 1 0 0 96 160
crop001127f.bmp 1 0 0 96 160
crop001128a.bmp 1 0 0 96 160
crop001128b.bmp 1 0 0 96 160
crop001129a.bmp 1 0 0 96 160
crop001129b.bmp 1 0 0 96 160
crop001130a.bmp 1 0 0 96 160
crop001130b.bmp 1 0 0 96 160
crop001131a.bmp 1 0 0 96 160
crop001131b.bmp 1 0 0 96 160
crop001132a.bmp 1 0 0 96 160
crop001132b.bmp 1 0 0 96 160
crop001133a.bmp 1 0 0 96 160
crop001133b.bmp 1 0 0 96 160
crop001134a.bmp 1 0 0 96 160
crop001134b.bmp 1 0 0 96 160
crop001135a.bmp 1 0 0 96 160
crop001135b.bmp 1 0 0 96 160
crop001136a.bmp 1 0 0 96 160
crop001136b.bmp 1 0 0 96 160
crop001136c.bmp 1 0 0 96 160
crop001136d.bmp 1 0 0 96 160
crop001136e.bmp 1 0 0 96 160
crop001136f.bmp 1 0 0 96 160
crop001136g.bmp 1 0 0 96 160
crop001136h.bmp 1 0 0 96 160
crop001137a.bmp 1 0 0 96 160
crop001137b.bmp 1 0 0 96 160
crop001138a.bmp 1 0 0 96 160
crop001138b.bmp 1 0 0 96 160
crop001138c.bmp 1 0 0 96 160
crop001138d.bmp 1 0 0 96 160
crop001140a.bmp 1 0 0 96 160
crop001140b.bmp 1 0 0 96 160
crop001141a.bmp 1 0 0 96 160
crop001141b.bmp 1 0 0 96 160
crop001141c.bmp 1 0 0 96 160
crop001141d.bmp 1 0 0 96 160
crop001141e.bmp 1 0 0 96 160
crop001141f.bmp 1 0 0 96 160
crop001141g.bmp 1 0 0 96 160
crop001141h.bmp 1 0 0 96 160
crop001142a.bmp 1 0 0 96 160
crop001142b.bmp 1 0 0 96 160
crop001143a.bmp 1 0 0 96 160
crop001143b.bmp 1 0 0 96 160
crop001143c.bmp 1 0 0 96 160
crop001143d.bmp 1 0 0 96 160
crop001143e.bmp 1 0 0 96 160
crop001143f.bmp 1 0 0 96 160
crop001143g.bmp 1 0 0 96 160
crop001143h.bmp 1 0 0 96 160
crop001143i.bmp 1 0 0 96 160
crop001143j.bmp 1 0 0 96 160
crop001144a.bmp 1 0 0 96 160
crop001144b.bmp 1 0 0 96 160
crop001144c.bmp 1 0 0 96 160
crop001144d.bmp 1 0 0 96 160
crop001144e.bmp 1 0 0 96 160
crop001144f.bmp 1 0 0 96 160
crop001144g.bmp 1 0 0 96 160
crop001144h.bmp 1 0 0 96 160
crop001144i.bmp 1 0 0 96 160
crop001144j.bmp 1 0 0 96 160
crop001145a.bmp 1 0 0 96 160
crop001145b.bmp 1 0 0 96 160
crop001145c.bmp 1 0 0 96 160
crop001145d.bmp 1 0 0 96 160
crop001146a.bmp 1 0 0 96 160
crop001146b.bmp 1 0 0 96 160
crop001147a.bmp 1 0 0 96 160
crop001147b.bmp 1 0 0 96 160
crop001148a.bmp 1 0 0 96 160
crop001148b.bmp 1 0 0 96 160
crop001149a.bmp 1 0 0 96 160
crop001149b.bmp 1 0 0 96 160
crop001149c.bmp 1 0 0 96 160
crop001149d.bmp 1 0 0 96 160
crop001150a.bmp 1 0 0 96 160
crop001150b.bmp 1 0 0 96 160
crop001151a.bmp 1 0 0 96 160
crop001151b.bmp 1 0 0 96 160
crop001152a.bmp 1 0 0 96 160
crop001152b.bmp 1 0 0 96 160
crop001153a.bmp 1 0 0 96 160
crop001153b.bmp 1 0 0 96 160
crop001154a.bmp 1 0 0 96 160
crop001154b.bmp 1 0 0 96 160
crop001155a.bmp 1 0 0 96 160
crop001155b.bmp 1 0 0 96 160
crop001156a.bmp 1 0 0 96 160
crop001156b.bmp 1 0 0 96 160
crop001158a.bmp 1 0 0 96 160
crop001158b.bmp 1 0 0 96 160
crop001158c.bmp 1 0 0 96 160
crop001158d.bmp 1 0 0 96 160
crop001160a.bmp 1 0 0 96 160
crop001160b.bmp 1 0 0 96 160
crop001162a.bmp 1 0 0 96 160
crop001162b.bmp 1 0 0 96 160
crop001162c.bmp 1 0 0 96 160
crop001162d.bmp 1 0 0 96 160
crop001162e.bmp 1 0 0 96 160
crop001162f.bmp 1 0 0 96 160
crop001163a.bmp 1 0 0 96 160
crop001163b.bmp 1 0 0 96 160
crop001164a.bmp 1 0 0 96 160
crop001164b.bmp 1 0 0 96 160
crop001164c.bmp 1 0 0 96 160
crop001164d.bmp 1 0 0 96 160
crop001164e.bmp 1 0 0 96 160
crop001164f.bmp 1 0 0 96 160
crop001164g.bmp 1 0 0 96 160
crop001164h.bmp 1 0 0 96 160
crop001164i.bmp 1 0 0 96 160
crop001164j.bmp 1 0 0 96 160
crop001164k.bmp 1 0 0 96 160
crop001164l.bmp 1 0 0 96 160
crop001164m.bmp 1 0 0 96 160
crop001164n.bmp 1 0 0 96 160
crop001164o.bmp 1 0 0 96 160
crop001164p.bmp 1 0 0 96 160
crop001200a.bmp 1 0 0 96 160
crop001200b.bmp 1 0 0 96 160
crop001201a.bmp 1 0 0 96 160
crop001201b.bmp 1 0 0 96 160
crop001202a.bmp 1 0 0 96 160
crop001202b.bmp 1 0 0 96 160
crop001205a.bmp 1 0 0 96 160
crop001205b.bmp 1 0 0 96 160
crop001205c.bmp 1 0 0 96 160
crop001205d.bmp 1 0 0 96 160
crop001206a.bmp 1 0 0 96 160
crop001206b.bmp 1 0 0 96 160
crop001207a.bmp 1 0 0 96 160
crop001207b.bmp 1 0 0 96 160
crop001208a.bmp 1 0 0 96 160
crop001208b.bmp 1 0 0 96 160
crop001208c.bmp 1 0 0 96 160
crop001208d.bmp 1 0 0 96 160
crop001208e.bmp 1 0 0 96 160
crop001208f.bmp 1 0 0 96 160
crop001210a.bmp 1 0 0 96 160
crop001210b.bmp 1 0 0 96 160
crop001211a.bmp 1 0 0 96 160
crop001211b.bmp 1 0 0 96 160
crop001212a.bmp 1 0 0 96 160
crop001212b.bmp 1 0 0 96 160
crop001213a.bmp 1 0 0 96 160
crop001213b.bmp 1 0 0 96 160
crop001214a.bmp 1 0 0 96 160
crop001214b.bmp 1 0 0 96 160
crop001216a.bmp 1 0 0 96 160
crop001216b.bmp 1 0 0 96 160
crop001217a.bmp 1 0 0 96 160
crop001217b.bmp 1 0 0 96 160
crop001217c.bmp 1 0 0 96 160
crop001217d.bmp 1 0 0 96 160
crop001217e.bmp 1 0 0 96 160
crop001217f.bmp 1 0 0 96 160
crop001218a.bmp 1 0 0 96 160
crop001218b.bmp 1 0 0 96 160
crop001219a.bmp 1 0 0 96 160
crop001219b.bmp 1 0 0 96 160
crop001220a.bmp 1 0 0 96 160
crop001220b.bmp 1 0 0 96 160
crop001222a.bmp 1 0 0 96 160
crop001222b.bmp 1 0 0 96 160
crop001222c.bmp 1 0 0 96 160
crop001222d.bmp 1 0 0 96 160
crop001230a.bmp 1 0 0 96 160
crop001230b.bmp 1 0 0 96 160
crop001231a.bmp 1 0 0 96 160
crop001231b.bmp 1 0 0 96 160
crop001232a.bmp 1 0 0 96 160
crop001232b.bmp 1 0 0 96 160
crop001234a.bmp 1 0 0 96 160
crop001234b.bmp 1 0 0 96 160
crop001235a.bmp 1 0 0 96 160
crop001235b.bmp 1 0 0 96 160
crop001236a.bmp 1 0 0 96 160
crop001236b.bmp 1 0 0 96 160
crop001236c.bmp 1 0 0 96 160
crop001236d.bmp 1 0 0 96 160
crop001236e.bmp 1 0 0 96 160
crop001236f.bmp 1 0 0 96 160
crop001237a.bmp 1 0 0 96 160
crop001237b.bmp 1 0 0 96 160
crop001238a.bmp 1 0 0 96 160
crop001238b.bmp 1 0 0 96 160
crop001241a.bmp 1 0 0 96 160
crop001241b.bmp 1 0 0 96 160
crop001242a.bmp 1 0 0 96 160
crop001242b.bmp 1 0 0 96 160
crop001246a.bmp 1 0 0 96 160
crop001246b.bmp 1 0 0 96 160
crop001247a.bmp 1 0 0 96 160
crop001247b.bmp 1 0 0 96 160
crop001248a.bmp 1 0 0 96 160
crop001248b.bmp 1 0 0 96 160
crop001250a.bmp 1 0 0 96 160
crop001250b.bmp 1 0 0 96 160
crop001251a.bmp 1 0 0 96 160
crop001251b.bmp 1 0 0 96 160
crop001252a.bmp 1 0 0 96 160
crop001252b.bmp 1 0 0 96 160
crop001253a.bmp 1 0 0 96 160
crop001253b.bmp 1 0 0 96 160
crop001254a.bmp 1 0 0 96 160
crop001254b.bmp 1 0 0 96 160
crop001255a.bmp 1 0 0 96 160
crop001255b.bmp 1 0 0 96 160
crop001256a.bmp 1 0 0 96 160
crop001256b.bmp 1 0 0 96 160
crop001257a.bmp 1 0 0 96 160
crop001257b.bmp 1 0 0 96 160
crop001258a.bmp 1 0 0 96 160
crop001258b.bmp 1 0 0 96 160
crop001259a.bmp 1 0 0 96 160
crop001259b.bmp 1 0 0 96 160
crop001260a.bmp 1 0 0 96 160
crop001260b.bmp 1 0 0 96 160
crop001260c.bmp 1 0 0 96 160
crop001260d.bmp 1 0 0 96 160
crop001263a.bmp 1 0 0 96 160
crop001263b.bmp 1 0 0 96 160
crop001263c.bmp 1 0 0 96 160
crop001263d.bmp 1 0 0 96 160
crop001264a.bmp 1 0 0 96 160
crop001264b.bmp 1 0 0 96 160
crop001264c.bmp 1 0 0 96 160
crop001264d.bmp 1 0 0 96 160
crop001265a.bmp 1 0 0 96 160
crop001265b.bmp 1 0 0 96 160
crop001265c.bmp 1 0 0 96 160
crop001265d.bmp 1 0 0 96 160
crop001265e.bmp 1 0 0 96 160
crop001265f.bmp 1 0 0 96 160
crop001265g.bmp 1 0 0 96 160
crop001265h.bmp 1 0 0 96 160
crop001267a.bmp 1 0 0 96 160
crop001267b.bmp 1 0 0 96 160
crop001267c.bmp 1 0 0 96 160
crop001267d.bmp 1 0 0 96 160
crop001267e.bmp 1 0 0 96 160
crop001267f.bmp 1 0 0 96 160
crop001267g.bmp 1 0 0 96 160
crop001267h.bmp 1 0 0 96 160
crop001267i.bmp 1 0 0 96 160
crop001267j.bmp 1 0 0 96 160
crop001268a.bmp 1 0 0 96 160
crop001268b.bmp 1 0 0 96 160
crop001268c.bmp 1 0 0 96 160
crop001268d.bmp 1 0 0 96 160
crop001268e.bmp 1 0 0 96 160
crop001268f.bmp 1 0 0 96 160
crop001268g.bmp 1 0 0 96 160
crop001268h.bmp 1 0 0 96 160
crop001268i.bmp 1 0 0 96 160
crop001268j.bmp 1 0 0 96 160
crop001270a.bmp 1 0 0 96 160
crop001270b.bmp 1 0 0 96 160
crop001270c.bmp 1 0 0 96 160
crop001270d.bmp 1 0 0 96 160
crop001271a.bmp 1 0 0 96 160
crop001271b.bmp 1 0 0 96 160
crop001271c.bmp 1 0 0 96 160
crop001271d.bmp 1 0 0 96 160
crop001272a.bmp 1 0 0 96 160
crop001272b.bmp 1 0 0 96 160
crop001273a.bmp 1 0 0 96 160
crop001273b.bmp 1 0 0 96 160
crop001273c.bmp 1 0 0 96 160
crop001273d.bmp 1 0 0 96 160
crop001274a.bmp 1 0 0 96 160
crop001274b.bmp 1 0 0 96 160
crop001275a.bmp 1 0 0 96 160
crop001275b.bmp 1 0 0 96 160
crop001276a.bmp 1 0 0 96 160
crop001276b.bmp 1 0 0 96 160
crop001278a.bmp 1 0 0 96 160
crop001278b.bmp 1 0 0 96 160
crop001500a.bmp 1 0 0 96 160
crop001500b.bmp 1 0 0 96 160
crop001503a.bmp 1 0 0 96 160
crop001503b.bmp 1 0 0 96 160
crop001505a.bmp 1 0 0 96 160
crop001505b.bmp 1 0 0 96 160
crop001505c.bmp 1 0 0 96 160
crop001505d.bmp 1 0 0 96 160
crop001505e.bmp 1 0 0 96 160
crop001505f.bmp 1 0 0 96 160
crop001505g.bmp 1 0 0 96 160
crop001505h.bmp 1 0 0 96 160
crop001505i.bmp 1 0 0 96 160
crop001505j.bmp 1 0 0 96 160
crop001506a.bmp 1 0 0 96 160
crop001506b.bmp 1 0 0 96 160
crop001507a.bmp 1 0 0 96 160
crop001507b.bmp 1 0 0 96 160
crop001507c.bmp 1 0 0 96 160
crop001507d.bmp 1 0 0 96 160
crop001507e.bmp 1 0 0 96 160
crop001507f.bmp 1 0 0 96 160
crop001508a.bmp 1 0 0 96 160
crop001508b.bmp 1 0 0 96 160
crop001508c.bmp 1 0 0 96 160
crop001508d.bmp 1 0 0 96 160
crop001509a.bmp 1 0 0 96 160
crop001509b.bmp 1 0 0 96 160
crop001510a.bmp 1 0 0 96 160
crop001510b.bmp 1 0 0 96 160
crop001513a.bmp 1 0 0 96 160
crop001513b.bmp 1 0 0 96 160
crop001513c.bmp 1 0 0 96 160
crop001513d.bmp 1 0 0 96 160
crop001515a.bmp 1 0 0 96 160
crop001515b.bmp 1 0 0 96 160
crop001515c.bmp 1 0 0 96 160
crop001515d.bmp 1 0 0 96 160
crop001516a.bmp 1 0 0 96 160
crop001516b.bmp 1 0 0 96 160
crop001517a.bmp 1 0 0 96 160
crop001517b.bmp 1 0 0 96 160
crop001517c.bmp 1 0 0 96 160
crop001517d.bmp 1 0 0 96 160
crop001518a.bmp 1 0 0 96 160
crop001518b.bmp 1 0 0 96 160
crop001519a.bmp 1 0 0 96 160
crop001519b.bmp 1 0 0 96 160
crop001523a.bmp 1 0 0 96 160
crop001523b.bmp 1 0 0 96 160
crop001524a.bmp 1 0 0 96 160
crop001524b.bmp 1 0 0 96 160
crop001525a.bmp 1 0 0 96 160
crop001525b.bmp 1 0 0 96 160
crop001525c.bmp 1 0 0 96 160
crop001525d.bmp 1 0 0 96 160
crop001525e.bmp 1 0 0 96 160
crop001525f.bmp 1 0 0 96 160
crop001526a.bmp 1 0 0 96 160
crop001526b.bmp 1 0 0 96 160
crop001526c.bmp 1 0 0 96 160
crop001526d.bmp 1 0 0 96 160
crop001526e.bmp 1 0 0 96 160
crop001526f.bmp 1 0 0 96 160
crop001527a.bmp 1 0 0 96 160
crop001527b.bmp 1 0 0 96 160
crop001527c.bmp 1 0 0 96 160
crop001527d.bmp 1 0 0 96 160
crop001527e.bmp 1 0 0 96 160
crop001527f.bmp 1 0 0 96 160
crop001527g.bmp 1 0 0 96 160
crop001527h.bmp 1 0 0 96 160
crop001528a.bmp 1 0 0 96 160
crop001528b.bmp 1 0 0 96 160
crop001529a.bmp 1 0 0 96 160
crop001529b.bmp 1 0 0 96 160
crop001529c.bmp 1 0 0 96 160
crop001529d.bmp 1 0 0 96 160
crop001529e.bmp 1 0 0 96 160
crop001529f.bmp 1 0 0 96 160
crop001530a.bmp 1 0 0 96 160
crop001530b.bmp 1 0 0 96 160
crop001532a.bmp 1 0 0 96 160
crop001532b.bmp 1 0 0 96 160
crop001532c.bmp 1 0 0 96 160
crop001532d.bmp 1 0 0 96 160
crop001534a.bmp 1 0 0 96 160
crop001534b.bmp 1 0 0 96 160
crop001534c.bmp 1 0 0 96 160
crop001534d.bmp 1 0 0 96 160
crop001534e.bmp 1 0 0 96 160
crop001534f.bmp 1 0 0 96 160
crop001536a.bmp 1 0 0 96 160
crop001536b.bmp 1 0 0 96 160
crop001536c.bmp 1 0 0 96 160
crop001536d.bmp 1 0 0 96 160
crop001536e.bmp 1 0 0 96 160
crop001536f.bmp 1 0 0 96 160
crop001536g.bmp 1 0 0 96 160
crop001536h.bmp 1 0 0 96 160
crop001537a.bmp 1 0 0 96 160
crop001537b.bmp 1 0 0 96 160
crop001538a.bmp 1 0 0 96 160
crop001538b.bmp 1 0 0 96 160
crop001538c.bmp 1 0 0 96 160
crop001538d.bmp 1 0 0 96 160
crop001539a.bmp 1 0 0 96 160
crop001539b.bmp 1 0 0 96 160
crop001540a.bmp 1 0 0 96 160
crop001540b.bmp 1 0 0 96 160
crop001540c.bmp 1 0 0 96 160
crop001540d.bmp 1 0 0 96 160
crop001541a.bmp 1 0 0 96 160
crop001541b.bmp 1 0 0 96 160
crop001541c.bmp 1 0 0 96 160
crop001541d.bmp 1 0 0 96 160
crop001542a.bmp 1 0 0 96 160
crop001542b.bmp 1 0 0 96 160
crop001550a.bmp 1 0 0 96 160
crop001550b.bmp 1 0 0 96 160
crop001550c.bmp 1 0 0 96 160
crop001550d.bmp 1 0 0 96 160
crop001551a.bmp 1 0 0 96 160
crop001551b.bmp 1 0 0 96 160
crop001551c.bmp 1 0 0 96 160
crop001551d.bmp 1 0 0 96 160
crop001552a.bmp 1 0 0 96 160
crop001552b.bmp 1 0 0 96 160
crop001552c.bmp 1 0 0 96 160
crop001552d.bmp 1 0 0 96 160
crop001552e.bmp 1 0 0 96 160
crop001552f.bmp 1 0 0 96 160
crop001552g.bmp 1 0 0 96 160
crop001552h.bmp 1 0 0 96 160
crop001553a.bmp 1 0 0 96 160
crop001553b.bmp 1 0 0 96 160
crop001554a.bmp 1 0 0 96 160
crop001554b.bmp 1 0 0 96 160
crop001556a.bmp 1 0 0 96 160
crop001556b.bmp 1 0 0 96 160
crop001557a.bmp 1 0 0 96 160
crop001557b.bmp 1 0 0 96 160
crop001558a.bmp 1 0 0 96 160
crop001558b.bmp 1 0 0 96 160
crop001558c.bmp 1 0 0 96 160
crop001558d.bmp 1 0 0 96 160
crop001559a.bmp 1 0 0 96 160
crop001559b.bmp 1 0 0 96 160
crop001559c.bmp 1 0 0 96 160
crop001559d.bmp 1 0 0 96 160
crop001559e.bmp 1 0 0 96 160
crop001559f.bmp 1 0 0 96 160
crop001559g.bmp 1 0 0 96 160
crop001559h.bmp 1 0 0 96 160
crop001559i.bmp 1 0 0 96 160
crop001559j.bmp 1 0 0 96 160
crop001559k.bmp 1 0 0 96 160
crop001559l.bmp 1 0 0 96 160
crop001560a.bmp 1 0 0 96 160
crop001560b.bmp 1 0 0 96 160
crop001560c.bmp 1 0 0 96 160
crop001560d.bmp 1 0 0 96 160
crop001560e.bmp 1 0 0 96 160
crop001560f.bmp 1 0 0 96 160
crop001560g.bmp 1 0 0 96 160
crop001560h.bmp 1 0 0 96 160
crop001560i.bmp 1 0 0 96 160
crop001560j.bmp 1 0 0 96 160
crop001561a.bmp 1 0 0 96 160
crop001561b.bmp 1 0 0 96 160
crop001561c.bmp 1 0 0 96 160
crop001561d.bmp 1 0 0 96 160
crop001562a.bmp 1 0 0 96 160
crop001562b.bmp 1 0 0 96 160
crop001563a.bmp 1 0 0 96 160
crop001563b.bmp 1 0 0 96 160
crop001563c.bmp 1 0 0 96 160
crop001563d.bmp 1 0 0 96 160
crop001563e.bmp 1 0 0 96 160
crop001563f.bmp 1 0 0 96 160
crop001563g.bmp 1 0 0 96 160
crop001563h.bmp 1 0 0 96 160
crop001564a.bmp 1 0 0 96 160
crop001564b.bmp 1 0 0 96 160
crop001564c.bmp 1 0 0 96 160
crop001564d.bmp 1 0 0 96 160
crop001565a.bmp 1 0 0 96 160
crop001565b.bmp 1 0 0 96 160
crop001567a.bmp 1 0 0 96 160
crop001567b.bmp 1 0 0 96 160
crop001568a.bmp 1 0 0 96 160
crop001568b.bmp 1 0 0 96 160
crop001569a.bmp 1 0 0 96 160
crop001569b.bmp 1 0 0 96 160
crop001569c.bmp 1 0 0 96 160
crop001569d.bmp 1 0 0 96 160
crop001569e.bmp 1 0 0 96 160
crop001569f.bmp 1 0 0 96 160
crop001569g.bmp 1 0 0 96 160
crop001569h.bmp 1 0 0 96 160
crop001570a.bmp 1 0 0 96 160
crop001570b.bmp 1 0 0 96 160
crop001570c.bmp 1 0 0 96 160
crop001570d.bmp 1 0 0 96 160
crop001571a.bmp 1 0 0 96 160
crop001571b.bmp 1 0 0 96 160
crop001571c.bmp 1 0 0 96 160
crop001571d.bmp 1 0 0 96 160
crop001571e.bmp 1 0 0 96 160
crop001571f.bmp 1 0 0 96 160
crop001571g.bmp 1 0 0 96 160
crop001571h.bmp 1 0 0 96 160
crop001571i.bmp 1 0 0 96 160
crop001571j.bmp 1 0 0 96 160
crop001572a.bmp 1 0 0 96 160
crop001572b.bmp 1 0 0 96 160
crop001577a.bmp 1 0 0 96 160
crop001577b.bmp 1 0 0 96 160
crop001578a.bmp 1 0 0 96 160
crop001578b.bmp 1 0 0 96 160
crop001579a.bmp 1 0 0 96 160
crop001579b.bmp 1 0 0 96 160
crop001580a.bmp 1 0 0 96 160
crop001580b.bmp 1 0 0 96 160
crop001581a.bmp 1 0 0 96 160
crop001581b.bmp 1 0 0 96 160
crop001582a.bmp 1 0 0 96 160
crop001582b.bmp 1 0 0 96 160
crop001583a.bmp 1 0 0 96 160
crop001583b.bmp 1 0 0 96 160
crop001583c.bmp 1 0 0 96 160
crop001583d.bmp 1 0 0 96 160
crop001584a.bmp 1 0 0 96 160
crop001584b.bmp 1 0 0 96 160
crop001584c.bmp 1 0 0 96 160
crop001584d.bmp 1 0 0 96 160
crop001589a.bmp 1 0 0 96 160
crop001589b.bmp 1 0 0 96 160
crop001591a.bmp 1 0 0 96 160
crop001591b.bmp 1 0 0 96 160
crop001591c.bmp 1 0 0 96 160
crop001591d.bmp 1 0 0 96 160
crop001592a.bmp 1 0 0 96 160
crop001592b.bmp 1 0 0 96 160
crop001592c.bmp 1 0 0 96 160
crop001592d.bmp 1 0 0 96 160
crop001592e.bmp 1 0 0 96 160
crop001592f.bmp 1 0 0 96 160
crop001594a.bmp 1 0 0 96 160
crop001594b.bmp 1 0 0 96 160
crop001594c.bmp 1 0 0 96 160
crop001594d.bmp 1 0 0 96 160
crop001594e.bmp 1 0 0 96 160
crop001594f.bmp 1 0 0 96 160
crop001594g.bmp 1 0 0 96 160
crop001594h.bmp 1 0 0 96 160
crop001594i.bmp 1 0 0 96 160
crop001594j.bmp 1 0 0 96 160
crop001595a.bmp 1 0 0 96 160
crop001595b.bmp 1 0 0 96 160
crop001596a.bmp 1 0 0 96 160
crop001596b.bmp 1 0 0 96 160
crop001596c.bmp 1 0 0 96 160
crop001596d.bmp 1 0 0 96 160
crop001596e.bmp 1 0 0 96 160
crop001596f.bmp 1 0 0 96 160
crop001597a.bmp 1 0 0 96 160
crop001597b.bmp 1 0 0 96 160
crop001598a.bmp 1 0 0 96 160
crop001598b.bmp 1 0 0 96 160
crop001599a.bmp 1 0 0 96 160
crop001599b.bmp 1 0 0 96 160
crop001599c.bmp 1 0 0 96 160
crop001599d.bmp 1 0 0 96 160
crop001600a.bmp 1 0 0 96 160
crop001600b.bmp 1 0 0 96 160
crop001601a.bmp 1 0 0 96 160
crop001601b.bmp 1 0 0 96 160
crop001603a.bmp 1 0 0 96 160
crop001603b.bmp 1 0 0 96 160
crop001605a.bmp 1 0 0 96 160
crop001605b.bmp 1 0 0 96 160
crop001606a.bmp 1 0 0 96 160
crop001606b.bmp 1 0 0 96 160
crop001608a.bmp 1 0 0 96 160
crop001608b.bmp 1 0 0 96 160
crop001609a.bmp 1 0 0 96 160
crop001609b.bmp 1 0 0 96 160
crop001609c.bmp 1 0 0 96 160
crop001609d.bmp 1 0 0 96 160
crop001610a.bmp 1 0 0 96 160
crop001610b.bmp 1 0 0 96 160
crop001611a.bmp 1 0 0 96 160
crop001611b.bmp 1 0 0 96 160
crop001611c.bmp 1 0 0 96 160
crop001611d.bmp 1 0 0 96 160
crop001612a.bmp 1 0 0 96 160
crop001612b.bmp 1 0 0 96 160
crop001612c.bmp 1 0 0 96 160
crop001612d.bmp 1 0 0 96 160
crop001612e.bmp 1 0 0 96 160
crop001612f.bmp 1 0 0 96 160
crop001612g.bmp 1 0 0 96 160
crop001612h.bmp 1 0 0 96 160
crop001613a.bmp 1 0 0 96 160
crop001613b.bmp 1 0 0 96 160
crop001614a.bmp 1 0 0 96 160
crop001614b.bmp 1 0 0 96 160
crop001614c.bmp 1 0 0 96 160
crop001614d.bmp 1 0 0 96 160
crop001614e.bmp 1 0 0 96 160
crop001614f.bmp 1 0 0 96 160
crop001614g.bmp 1 0 0 96 160
crop001614h.bmp 1 0 0 96 160
crop001614i.bmp 1 0 0 96 160
crop001614j.bmp 1 0 0 96 160
crop001614k.bmp 1 0 0 96 160
crop001614l.bmp 1 0 0 96 160
crop001615a.bmp 1 0 0 96 160
crop001615b.bmp 1 0 0 96 160
crop001616a.bmp 1 0 0 96 160
crop001616b.bmp 1 0 0 96 160
crop001616c.bmp 1 0 0 96 160
crop001616d.bmp 1 0 0 96 160
crop001616e.bmp 1 0 0 96 160
crop001616f.bmp 1 0 0 96 160
crop001616g.bmp 1 0 0 96 160
crop001616h.bmp 1 0 0 96 160
crop001616i.bmp 1 0 0 96 160
crop001616j.bmp 1 0 0 96 160
crop001616k.bmp 1 0 0 96 160
crop001616l.bmp 1 0 0 96 160
crop001616m.bmp 1 0 0 96 160
crop001616n.bmp 1 0 0 96 160
crop001616o.bmp 1 0 0 96 160
crop001616p.bmp 1 0 0 96 160
crop001616q.bmp 1 0 0 96 160
crop001616r.bmp 1 0 0 96 160
crop001616s.bmp 1 0 0 96 160
crop001616t.bmp 1 0 0 96 160
crop001616u.bmp 1 0 0 96 160
crop001616v.bmp 1 0 0 96 160
crop001616w.bmp 1 0 0 96 160
crop001616x.bmp 1 0 0 96 160
crop001617a.bmp 1 0 0 96 160
crop001617b.bmp 1 0 0 96 160
crop001618a.bmp 1 0 0 96 160
crop001618b.bmp 1 0 0 96 160
crop001619a.bmp 1 0 0 96 160
crop001619b.bmp 1 0 0 96 160
crop001619c.bmp 1 0 0 96 160
crop001619d.bmp 1 0 0 96 160
crop001619e.bmp 1 0 0 96 160
crop001619f.bmp 1 0 0 96 160
crop001619g.bmp 1 0 0 96 160
crop001619h.bmp 1 0 0 96 160
crop001620a.bmp 1 0 0 96 160
crop001620b.bmp 1 0 0 96 160
crop001620c.bmp 1 0 0 96 160
crop001620d.bmp 1 0 0 96 160
crop001620e.bmp 1 0 0 96 160
crop001620f.bmp 1 0 0 96 160
crop001620g.bmp 1 0 0 96 160
crop001620h.bmp 1 0 0 96 160
crop001620i.bmp 1 0 0 96 160
crop001620j.bmp 1 0 0 96 160
crop001620k.bmp 1 0 0 96 160
crop001620l.bmp 1 0 0 96 160
crop001620m.bmp 1 0 0 96 160
crop001620n.bmp 1 0 0 96 160
crop001620o.bmp 1 0 0 96 160
crop001620p.bmp 1 0 0 96 160
crop001621a.bmp 1 0 0 96 160
crop001621b.bmp 1 0 0 96 160
crop001621c.bmp 1 0 0 96 160
crop001621d.bmp 1 0 0 96 160
crop001622a.bmp 1 0 0 96 160
crop001622b.bmp 1 0 0 96 160
crop001622c.bmp 1 0 0 96 160
crop001622d.bmp 1 0 0 96 160
crop001623a.bmp 1 0 0 96 160
crop001623b.bmp 1 0 0 96 160
crop001623c.bmp 1 0 0 96 160
crop001623d.bmp 1 0 0 96 160
crop001623e.bmp 1 0 0 96 160
crop001623f.bmp 1 0 0 96 160
crop001624a.bmp 1 0 0 96 160
crop001624b.bmp 1 0 0 96 160
crop001624c.bmp 1 0 0 96 160
crop001624d.bmp 1 0 0 96 160
crop001625a.bmp 1 0 0 96 160
crop001625b.bmp 1 0 0 96 160
crop001626a.bmp 1 0 0 96 160
crop001626b.bmp 1 0 0 96 160
crop001626c.bmp 1 0 0 96 160
crop001626d.bmp 1 0 0 96 160
crop001627a.bmp 1 0 0 96 160
crop001627b.bmp 1 0 0 96 160
crop001628a.bmp 1 0 0 96 160
crop001628b.bmp 1 0 0 96 160
crop001629a.bmp 1 0 0 96 160
crop001629b.bmp 1 0 0 96 160
crop001629c.bmp 1 0 0 96 160
crop001629d.bmp 1 0 0 96 160
crop001629e.bmp 1 0 0 96 160
crop001629f.bmp 1 0 0 96 160
crop001630a.bmp 1 0 0 96 160
crop001630b.bmp 1 0 0 96 160
crop001632a.bmp 1 0 0 96 160
crop001632b.bmp 1 0 0 96 160
crop001635a.bmp 1 0 0 96 160
crop001635b.bmp 1 0 0 96 160
crop001635c.bmp 1 0 0 96 160
crop001635d.bmp 1 0 0 96 160
crop001635e.bmp 1 0 0 96 160
crop001635f.bmp 1 0 0 96 160
crop001635g.bmp 1 0 0 96 160
crop001635h.bmp 1 0 0 96 160
crop001635i.bmp 1 0 0 96 160
crop001635j.bmp 1 0 0 96 160
crop001636a.bmp 1 0 0 96 160
crop001636b.bmp 1 0 0 96 160
crop001637a.bmp 1 0 0 96 160
crop001637b.bmp 1 0 0 96 160
crop001637c.bmp 1 0 0 96 160
crop001637d.bmp 1 0 0 96 160
crop001637e.bmp 1 0 0 96 160
crop001637f.bmp 1 0 0 96 160
crop001640a.bmp 1 0 0 96 160
crop001640b.bmp 1 0 0 96 160
crop001642a.bmp 1 0 0 96 160
crop001642b.bmp 1 0 0 96 160
crop001642c.bmp 1 0 0 96 160
crop001642d.bmp 1 0 0 96 160
crop001642e.bmp 1 0 0 96 160
crop001642f.bmp 1 0 0 96 160
crop001643a.bmp 1 0 0 96 160
crop001643b.bmp 1 0 0 96 160
crop001644a.bmp 1 0 0 96 160
crop001644b.bmp 1 0 0 96 160
crop001646a.bmp 1 0 0 96 160
crop001646b.bmp 1 0 0 96 160
crop001646c.bmp 1 0 0 96 160
crop001646d.bmp 1 0 0 96 160
crop001646e.bmp 1 0 0 96 160
crop001646f.bmp 1 0 0 96 160
crop001646g.bmp 1 0 0 96 160
crop001646h.bmp 1 0 0 96 160
crop001646i.bmp 1 0 0 96 160
crop001646j.bmp 1 0 0 96 160
crop001647a.bmp 1 0 0 96 160
crop001647b.bmp 1 0 0 96 160
crop001647c.bmp 1 0 0 96 160
crop001647d.bmp 1 0 0 96 160
crop001648a.bmp 1 0 0 96 160
crop001648b.bmp 1 0 0 96 160
crop001648c.bmp 1 0 0 96 160
crop001648d.bmp 1 0 0 96 160
crop001649a.bmp 1 0 0 96 160
crop001649b.bmp 1 0 0 96 160
crop001649c.bmp 1 0 0 96 160
crop001649d.bmp 1 0 0 96 160
crop001649e.bmp 1 0 0 96 160
crop001649f.bmp 1 0 0 96 160
crop001649g.bmp 1 0 0 96 160
crop001649h.bmp 1 0 0 96 160
crop001650a.bmp 1 0 0 96 160
crop001650b.bmp 1 0 0 96 160
crop001651a.bmp 1 0 0 96 160
crop001651b.bmp 1 0 0 96 160
crop001651c.bmp 1 0 0 96 160
crop001651d.bmp 1 0 0 96 160
crop001651e.bmp 1 0 0 96 160
crop001651f.bmp 1 0 0 96 160
crop001652a.bmp 1 0 0 96 160
crop001652b.bmp 1 0 0 96 160
crop001655a.bmp 1 0 0 96 160
crop001655b.bmp 1 0 0 96 160
crop001655c.bmp 1 0 0 96 160
crop001655d.bmp 1 0 0 96 160
crop001655e.bmp 1 0 0 96 160
crop001655f.bmp 1 0 0 96 160
crop001655g.bmp 1 0 0 96 160
crop001655h.bmp 1 0 0 96 160
crop001656a.bmp 1 0 0 96 160
crop001656b.bmp 1 0 0 96 160
crop001657a.bmp 1 0 0 96 160
crop001657b.bmp 1 0 0 96 160
crop001657c.bmp 1 0 0 96 160
crop001657d.bmp 1 0 0 96 160
crop001662a.bmp 1 0 0 96 160
crop001662b.bmp 1 0 0 96 160
crop001662c.bmp 1 0 0 96 160
crop001662d.bmp 1 0 0 96 160
crop001662e.bmp 1 0 0 96 160
crop001662f.bmp 1 0 0 96 160
crop001663a.bmp 1 0 0 96 160
crop001663b.bmp 1 0 0 96 160
crop001665a.bmp 1 0 0 96 160
crop001665b.bmp 1 0 0 96 160
crop001666a.bmp 1 0 0 96 160
crop001666b.bmp 1 0 0 96 160
crop001666c.bmp 1 0 0 96 160
crop001666d.bmp 1 0 0 96 160
crop001667a.bmp 1 0 0 96 160
crop001667b.bmp 1 0 0 96 160
crop001668a.bmp 1 0 0 96 160
crop001668b.bmp 1 0 0 96 160
crop001668c.bmp 1 0 0 96 160
crop001668d.bmp 1 0 0 96 160
crop001668g.bmp 1 0 0 96 160
crop001668h.bmp 1 0 0 96 160
crop001671a.bmp 1 0 0 96 160
crop001671b.bmp 1 0 0 96 160
crop001672a.bmp 1 0 0 96 160
crop001672b.bmp 1 0 0 96 160
crop001673a.bmp 1 0 0 96 160
crop001673b.bmp 1 0 0 96 160
crop001674a.bmp 1 0 0 96 160
crop001674b.bmp 1 0 0 96 160
crop001675a.bmp 1 0 0 96 160
crop001675b.bmp 1 0 0 96 160
crop001677a.bmp 1 0 0 96 160
crop001677b.bmp 1 0 0 96 160
crop001678a.bmp 1 0 0 96 160
crop001678b.bmp 1 0 0 96 160
crop001679a.bmp 1 0 0 96 160
crop001679b.bmp 1 0 0 96 160
crop001679c.bmp 1 0 0 96 160
crop001679d.bmp 1 0 0 96 160
crop001679e.bmp 1 0 0 96 160
crop001679f.bmp 1 0 0 96 160
crop001679g.bmp 1 0 0 96 160
crop001679h.bmp 1 0 0 96 160
crop001679i.bmp 1 0 0 96 160
crop001679j.bmp 1 0 0 96 160
crop001680a.bmp 1 0 0 96 160
crop001680b.bmp 1 0 0 96 160
crop001680c.bmp 1 0 0 96 160
crop001680d.bmp 1 0 0 96 160
crop001681a.bmp 1 0 0 96 160
crop001681b.bmp 1 0 0 96 160
crop001685a.bmp 1 0 0 96 160
crop001685b.bmp 1 0 0 96 160
crop001687a.bmp 1 0 0 96 160
crop001687b.bmp 1 0 0 96 160
crop001689a.bmp 1 0 0 96 160
crop001689b.bmp 1 0 0 96 160
crop001689c.bmp 1 0 0 96 160
crop001689d.bmp 1 0 0 96 160
crop001689e.bmp 1 0 0 96 160
crop001689f.bmp 1 0 0 96 160
crop001690a.bmp 1 0 0 96 160
crop001690b.bmp 1 0 0 96 160
crop001690c.bmp 1 0 0 96 160
crop001690d.bmp 1 0 0 96 160
crop001690e.bmp 1 0 0 96 160
crop001690f.bmp 1 0 0 96 160
crop001690g.bmp 1 0 0 96 160
crop001690h.bmp 1 0 0 96 160
crop001691a.bmp 1 0 0 96 160
crop001691b.bmp 1 0 0 96 160
crop001691c.bmp 1 0 0 96 160
crop001691d.bmp 1 0 0 96 160
crop001691e.bmp 1 0 0 96 160
crop001691f.bmp 1 0 0 96 160
crop001692a.bmp 1 0 0 96 160
crop001692b.bmp 1 0 0 96 160
crop001692c.bmp 1 0 0 96 160
crop001692d.bmp 1 0 0 96 160
crop001693a.bmp 1 0 0 96 160
crop001693b.bmp 1 0 0 96 160
crop001693c.bmp 1 0 0 96 160
crop001693d.bmp 1 0 0 96 160
crop001694a.bmp 1 0 0 96 160
crop001694b.bmp 1 0 0 96 160
crop001694c.bmp 1 0 0 96 160
crop001694d.bmp 1 0 0 96 160
crop001694e.bmp 1 0 0 96 160
crop001694f.bmp 1 0 0 96 160
crop001695a.bmp 1 0 0 96 160
crop001695b.bmp 1 0 0 96 160
crop001696a.bmp 1 0 0 96 160
crop001696b.bmp 1 0 0 96 160
crop001696c.bmp 1 0 0 96 160
crop001696d.bmp 1 0 0 96 160
crop001696e.bmp 1 0 0 96 160
crop001696f.bmp 1 0 0 96 160
crop001697a.bmp 1 0 0 96 160
crop001697b.bmp 1 0 0 96 160
crop001698a.bmp 1 0 0 96 160
crop001698b.bmp 1 0 0 96 160
crop001699a.bmp 1 0 0 96 160
crop001699b.bmp 1 0 0 96 160
crop001700a.bmp 1 0 0 96 160
crop001700b.bmp 1 0 0 96 160
crop001700c.bmp 1 0 0 96 160
crop001700d.bmp 1 0 0 96 160
crop001701a.bmp 1 0 0 96 160
crop001701b.bmp 1 0 0 96 160
crop001702a.bmp 1 0 0 96 160
crop001702b.bmp 1 0 0 96 160
crop001702c.bmp 1 0 0 96 160
crop001702d.bmp 1 0 0 96 160
crop001703a.bmp 1 0 0 96 160
crop001703b.bmp 1 0 0 96 160
crop001703c.bmp 1 0 0 96 160
crop001703d.bmp 1 0 0 96 160
crop001705a.bmp 1 0 0 96 160
crop001705b.bmp 1 0 0 96 160
crop001705c.bmp 1 0 0 96 160
crop001705d.bmp 1 0 0 96 160
crop001707a.bmp 1 0 0 96 160
crop001707b.bmp 1 0 0 96 160
crop001707c.bmp 1 0 0 96 160
crop001707d.bmp 1 0 0 96 160
crop001707e.bmp 1 0 0 96 160
crop001707f.bmp 1 0 0 96 160
crop001708a.bmp 1 0 0 96 160
crop001708b.bmp 1 0 0 96 160
crop001708c.bmp 1 0 0 96 160
crop001708d.bmp 1 0 0 96 160
crop001709a.bmp 1 0 0 96 160
crop001709b.bmp 1 0 0 96 160
crop001710a.bmp 1 0 0 96 160
crop001710b.bmp 1 0 0 96 160
crop001710c.bmp 1 0 0 96 160
crop001710d.bmp 1 0 0 96 160
crop001710e.bmp 1 0 0 96 160
crop001710f.bmp 1 0 0 96 160
crop001711a.bmp 1 0 0 96 160
crop001711b.bmp 1 0 0 96 160
crop001711c.bmp 1 0 0 96 160
crop001711d.bmp 1 0 0 96 160
crop001711e.bmp 1 0 0 96 160
crop001711f.bmp 1 0 0 96 160
crop001711g.bmp 1 0 0 96 160
crop001711h.bmp 1 0 0 96 160
crop001711i.bmp 1 0 0 96 160
crop001711j.bmp 1 0 0 96 160
crop001711k.bmp 1 0 0 96 160
crop001711l.bmp 1 0 0 96 160
crop001711m.bmp 1 0 0 96 160
crop001711n.bmp 1 0 0 96 160
crop001712a.bmp 1 0 0 96 160
crop001712b.bmp 1 0 0 96 160
crop001712c.bmp 1 0 0 96 160
crop001712d.bmp 1 0 0 96 160
crop001713a.bmp 1 0 0 96 160
crop001713b.bmp 1 0 0 96 160
crop001714a.bmp 1 0 0 96 160
crop001714b.bmp 1 0 0 96 160
crop001717a.bmp 1 0 0 96 160
crop001717b.bmp 1 0 0 96 160
crop001720a.bmp 1 0 0 96 160
crop001720b.bmp 1 0 0 96 160
crop001720c.bmp 1 0 0 96 160
crop001720d.bmp 1 0 0 96 160
crop001720e.bmp 1 0 0 96 160
crop001720f.bmp 1 0 0 96 160
crop001721a.bmp 1 0 0 96 160
crop001721b.bmp 1 0 0 96 160
crop001806a.bmp 1 0 0 96 160
crop001806b.bmp 1 0 0 96 160
crop001806c.bmp 1 0 0 96 160
crop001806d.bmp 1 0 0 96 160
crop001806e.bmp 1 0 0 96 160
crop001806f.bmp 1 0 0 96 160
crop001806g.bmp 1 0 0 96 160
crop001806h.bmp 1 0 0 96 160
crop001807a.bmp 1 0 0 96 160
crop001807b.bmp 1 0 0 96 160
crop001807c.bmp 1 0 0 96 160
crop001807d.bmp 1 0 0 96 160
crop001808a.bmp 1 0 0 96 160
crop001808b.bmp 1 0 0 96 160
crop001809a.bmp 1 0 0 96 160
crop001809b.bmp 1 0 0 96 160
crop001809c.bmp 1 0 0 96 160
crop001809d.bmp 1 0 0 96 160
crop001809e.bmp 1 0 0 96 160
crop001809f.bmp 1 0 0 96 160
crop001810a.bmp 1 0 0 96 160
crop001810b.bmp 1 0 0 96 160
crop001811a.bmp 1 0 0 96 160
crop001811b.bmp 1 0 0 96 160
crop001812a.bmp 1 0 0 96 160
crop001812b.bmp 1 0 0 96 160
crop001812c.bmp 1 0 0 96 160
crop001812d.bmp 1 0 0 96 160
crop001813a.bmp 1 0 0 96 160
crop001813b.bmp 1 0 0 96 160
crop001814a.bmp 1 0 0 96 160
crop001814b.bmp 1 0 0 96 160
crop001815a.bmp 1 0 0 96 160
crop001815b.bmp 1 0 0 96 160
crop001815c.bmp 1 0 0 96 160
crop001815d.bmp 1 0 0 96 160
crop001816a.bmp 1 0 0 96 160
crop001816b.bmp 1 0 0 96 160
crop001817a.bmp 1 0 0 96 160
crop001817b.bmp 1 0 0 96 160
crop001818a.bmp 1 0 0 96 160
crop001818b.bmp 1 0 0 96 160
crop001819a.bmp 1 0 0 96 160
crop001819b.bmp 1 0 0 96 160
crop001820a.bmp 1 0 0 96 160
crop001820b.bmp 1 0 0 96 160
crop001823a.bmp 1 0 0 96 160
crop001823b.bmp 1 0 0 96 160
crop001829a.bmp 1 0 0 96 160
crop001829b.bmp 1 0 0 96 160
crop001830a.bmp 1 0 0 96 160
crop001830b.bmp 1 0 0 96 160
crop001831a.bmp 1 0 0 96 160
crop001831b.bmp 1 0 0 96 160
crop001832a.bmp 1 0 0 96 160
crop001832b.bmp 1 0 0 96 160
crop001833a.bmp 1 0 0 96 160
crop001833b.bmp 1 0 0 96 160
crop001835a.bmp 1 0 0 96 160
crop001835b.bmp 1 0 0 96 160
crop001835c.bmp 1 0 0 96 160
crop001835d.bmp 1 0 0 96 160
crop001836a.bmp 1 0 0 96 160
crop001836b.bmp 1 0 0 96 160
crop001836c.bmp 1 0 0 96 160
crop001836d.bmp 1 0 0 96 160
crop001836e.bmp 1 0 0 96 160
crop001836f.bmp 1 0 0 96 160
crop001836g.bmp 1 0 0 96 160
crop001836h.bmp 1 0 0 96 160
crop001837a.bmp 1 0 0 96 160
crop001837b.bmp 1 0 0 96 160
crop001838a.bmp 1 0 0 96 160
crop001838b.bmp 1 0 0 96 160
crop001838c.bmp 1 0 0 96 160
crop001838d.bmp 1 0 0 96 160
crop001838e.bmp 1 0 0 96 160
crop001838f.bmp 1 0 0 96 160
crop001839a.bmp 1 0 0 96 160
crop001839b.bmp 1 0 0 96 160
crop001839c.bmp 1 0 0 96 160
crop001839d.bmp 1 0 0 96 160
crop001840a.bmp 1 0 0 96 160
crop001840b.bmp 1 0 0 96 160
crop001840c.bmp 1 0 0 96 160
crop001840d.bmp 1 0 0 96 160
crop001841a.bmp 1 0 0 96 160
crop001841b.bmp 1 0 0 96 160
crop001842a.bmp 1 0 0 96 160
crop001842b.bmp 1 0 0 96 160
crop001842c.bmp 1 0 0 96 160
crop001842d.bmp 1 0 0 96 160
crop001843a.bmp 1 0 0 96 160
crop001843b.bmp 1 0 0 96 160
crop_000010a.bmp 1 0 0 96 160
crop_000010b.bmp 1 0 0 96 160
crop_000011a.bmp 1 0 0 96 160
crop_000011b.bmp 1 0 0 96 160
crop_000603a.bmp 1 0 0 96 160
crop_000603b.bmp 1 0 0 96 160
crop_000606a.bmp 1 0 0 96 160
crop_000606b.bmp 1 0 0 96 160
crop_000606c.bmp 1 0 0 96 160
crop_000606d.bmp 1 0 0 96 160
crop_000607a.bmp 1 0 0 96 160
crop_000607b.bmp 1 0 0 96 160
crop_000607c.bmp 1 0 0 96 160
crop_000607d.bmp 1 0 0 96 160
crop_000608a.bmp 1 0 0 96 160
crop_000608b.bmp 1 0 0 96 160
person_044a.bmp 1 0 0 96 160
person_044b.bmp 1 0 0 96 160
person_044c.bmp 1 0 0 96 160
person_044d.bmp 1 0 0 96 160
person_050a.bmp 1 0 0 96 160
person_050b.bmp 1 0 0 96 160
person_060a.bmp 1 0 0 96 160
person_060b.bmp 1 0 0 96 160
person_061a.bmp 1 0 0 96 160
person_061b.bmp 1 0 0 96 160
person_086a.bmp 1 0 0 96 160
person_086b.bmp 1 0 0 96 160
person_091a.bmp 1 0 0 96 160
person_091b.bmp 1 0 0 96 160
person_091c.bmp 1 0 0 96 160
person_091d.bmp 1 0 0 96 160
person_091e.bmp 1 0 0 96 160
person_091f.bmp 1 0 0 96 160
person_097a.bmp 1 0 0 96 160
person_097b.bmp 1 0 0 96 160
person_097c.bmp 1 0 0 96 160
person_097d.bmp 1 0 0 96 160
person_101a.bmp 1 0 0 96 160
person_101b.bmp 1 0 0 96 160
person_101c.bmp 1 0 0 96 160
person_101d.bmp 1 0 0 96 160
person_102a.bmp 1 0 0 96 160
person_102b.bmp 1 0 0 96 160
person_102c.bmp 1 0 0 96 160
person_102d.bmp 1 0 0 96 160
person_103a.bmp 1 0 0 96 160
person_103b.bmp 1 0 0 96 160
person_106a.bmp 1 0 0 96 160
person_106b.bmp 1 0 0 96 160
person_111a.bmp 1 0 0 96 160
person_111b.bmp 1 0 0 96 160
person_111c.bmp 1 0 0 96 160
person_111d.bmp 1 0 0 96 160
person_112a.bmp 1 0 0 96 160
person_112b.bmp 1 0 0 96 160
person_112c.bmp 1 0 0 96 160
person_112d.bmp 1 0 0 96 160
person_112e.bmp 1 0 0 96 160
person_112f.bmp 1 0 0 96 160
person_114a.bmp 1 0 0 96 160
person_114b.bmp 1 0 0 96 160
person_114c.bmp 1 0 0 96 160
person_114d.bmp 1 0 0 96 160
person_117a.bmp 1 0 0 96 160
person_117b.bmp 1 0 0 96 160
person_119a.bmp 1 0 0 96 160
person_119b.bmp 1 0 0 96 160
person_121a.bmp 1 0 0 96 160
person_121b.bmp 1 0 0 96 160
person_121c.bmp 1 0 0 96 160
person_121d.bmp 1 0 0 96 160
person_124a.bmp 1 0 0 96 160
person_124b.bmp 1 0 0 96 160
person_125a.bmp 1 0 0 96 160
person_125b.bmp 1 0 0 96 160
person_125c.bmp 1 0 0 96 160
person_125d.bmp 1 0 0 96 160
person_126a.bmp 1 0 0 96 160
person_126b.bmp 1 0 0 96 160
person_126c.bmp 1 0 0 96 160
person_126d.bmp 1 0 0 96 160
person_126e.bmp 1 0 0 96 160
person_126f.bmp 1 0 0 96 160
person_128a.bmp 1 0 0 96 160
person_128b.bmp 1 0 0 96 160
person_128c.bmp 1 0 0 96 160
person_128d.bmp 1 0 0 96 160
person_128e.bmp 1 0 0 96 160
person_128f.bmp 1 0 0 96 160
person_129a.bmp 1 0 0 96 160
person_129b.bmp 1 0 0 96 160
person_129c.bmp 1 0 0 96 160
person_129d.bmp 1 0 0 96 160
person_129e.bmp 1 0 0 96 160
person_129f.bmp 1 0 0 96 160
person_130a.bmp 1 0 0 96 160
person_130b.bmp 1 0 0 96 160
person_131a.bmp 1 0 0 96 160
person_131b.bmp 1 0 0 96 160
person_131c.bmp 1 0 0 96 160
person_131d.bmp 1 0 0 96 160
person_131e.bmp 1 0 0 96 160
person_131f.bmp 1 0 0 96 160
person_133a.bmp 1 0 0 96 160
person_133b.bmp 1 0 0 96 160
person_133c.bmp 1 0 0 96 160
person_133d.bmp 1 0 0 96 160
person_133e.bmp 1 0 0 96 160
person_133f.bmp 1 0 0 96 160
person_139a.bmp 1 0 0 96 160
person_139b.bmp 1 0 0 96 160
person_139c.bmp 1 0 0 96 160
person_139d.bmp 1 0 0 96 160
person_139e.bmp 1 0 0 96 160
person_139f.bmp 1 0 0 96 160
person_139g.bmp 1 0 0 96 160
person_139h.bmp 1 0 0 96 160
person_139i.bmp 1 0 0 96 160
person_139j.bmp 1 0 0 96 160
person_141a.bmp 1 0 0 96 160
person_141b.bmp 1 0 0 96 160
person_142a.bmp 1 0 0 96 160
person_142b.bmp 1 0 0 96 160
person_142c.bmp 1 0 0 96 160
person_142d.bmp 1 0 0 96 160
person_143a.bmp 1 0 0 96 160
person_143b.bmp 1 0 0 96 160
person_143c.bmp 1 0 0 96 160
person_143d.bmp 1 0 0 96 160
person_143e.bmp 1 0 0 96 160
person_143f.bmp 1 0 0 96 160
person_156a.bmp 1 0 0 96 160
person_156b.bmp 1 0 0 96 160
person_156c.bmp 1 0 0 96 160
person_156d.bmp 1 0 0 96 160
person_160a.bmp 1 0 0 96 160
person_160b.bmp 1 0 0 96 160
person_160c.bmp 1 0 0 96 160
person_160d.bmp 1 0 0 96 160
person_160e.bmp 1 0 0 96 160
person_160f.bmp 1 0 0 96 160
person_162a.bmp 1 0 0 96 160
person_162b.bmp 1 0 0 96 160
person_162c.bmp 1 0 0 96 160
person_162d.bmp 1 0 0 96 160
person_165a.bmp 1 0 0 96 160
person_165b.bmp 1 0 0 96 160
person_166a.bmp 1 0 0 96 160
person_166b.bmp 1 0 0 96 160
person_166c.bmp 1 0 0 96 160
person_166d.bmp 1 0 0 96 160
person_167a.bmp 1 0 0 96 160
person_167b.bmp 1 0 0 96 160
person_167c.bmp 1 0 0 96 160
person_167d.bmp 1 0 0 96 160
person_168a.bmp 1 0 0 96 160
person_168b.bmp 1 0 0 96 160
person_168c.bmp 1 0 0 96 160
person_168d.bmp 1 0 0 96 160
person_169a.bmp 1 0 0 96 160
person_169b.bmp 1 0 0 96 160
person_169c.bmp 1 0 0 96 160
person_169d.bmp 1 0 0 96 160
person_170a.bmp 1 0 0 96 160
person_170b.bmp 1 0 0 96 160
person_170c.bmp 1 0 0 96 160
person_170d.bmp 1 0 0 96 160
person_171a.bmp 1 0 0 96 160
person_171b.bmp 1 0 0 96 160
person_171c.bmp 1 0 0 96 160
person_171d.bmp 1 0 0 96 160
person_172a.bmp 1 0 0 96 160
person_172b.bmp 1 0 0 96 160
person_172c.bmp 1 0 0 96 160
person_172d.bmp 1 0 0 96 160
person_172e.bmp 1 0 0 96 160
person_172f.bmp 1 0 0 96 160
person_173a.bmp 1 0 0 96 160
person_173b.bmp 1 0 0 96 160
person_173c.bmp 1 0 0 96 160
person_173d.bmp 1 0 0 96 160
person_174a.bmp 1 0 0 96 160
person_174b.bmp 1 0 0 96 160
person_174c.bmp 1 0 0 96 160
person_174d.bmp 1 0 0 96 160
person_174e.bmp 1 0 0 96 160
person_174f.bmp 1 0 0 96 160
person_175a.bmp 1 0 0 96 160
person_175b.bmp 1 0 0 96 160
person_175c.bmp 1 0 0 96 160
person_175d.bmp 1 0 0 96 160
person_175e.bmp 1 0 0 96 160
person_175f.bmp 1 0 0 96 160
person_175g.bmp 1 0 0 96 160
person_175h.bmp 1 0 0 96 160
person_175i.bmp 1 0 0 96 160
person_175j.bmp 1 0 0 96 160
person_176a.bmp 1 0 0 96 160
person_176b.bmp 1 0 0 96 160
person_176c.bmp 1 0 0 96 160
person_176d.bmp 1 0 0 96 160
person_176e.bmp 1 0 0 96 160
person_176f.bmp 1 0 0 96 160
person_176g.bmp 1 0 0 96 160
person_176h.bmp 1 0 0 96 160
person_176i.bmp 1 0 0 96 160
person_176j.bmp 1 0 0 96 160
person_177a.bmp 1 0 0 96 160
person_177b.bmp 1 0 0 96 160
person_177c.bmp 1 0 0 96 160
person_177d.bmp 1 0 0 96 160
person_177e.bmp 1 0 0 96 160
person_177f.bmp 1 0 0 96 160
person_178a.bmp 1 0 0 96 160
person_178b.bmp 1 0 0 96 160
person_178c.bmp 1 0 0 96 160
person_178d.bmp 1 0 0 96 160
person_178e.bmp 1 0 0 96 160
person_178f.bmp 1 0 0 96 160
person_179a.bmp 1 0 0 96 160
person_179b.bmp 1 0 0 96 160
person_181a.bmp 1 0 0 96 160
person_181b.bmp 1 0 0 96 160
person_181c.bmp 1 0 0 96 160
person_181d.bmp 1 0 0 96 160
person_185a.bmp 1 0 0 96 160
person_185b.bmp 1 0 0 96 160
person_185c.bmp 1 0 0 96 160
person_185d.bmp 1 0 0 96 160
person_185e.bmp 1 0 0 96 160
person_185f.bmp 1 0 0 96 160
person_187a.bmp 1 0 0 96 160
person_187b.bmp 1 0 0 96 160
person_187c.bmp 1 0 0 96 160
person_187d.bmp 1 0 0 96 160
person_187e.bmp 1 0 0 96 160
person_187f.bmp 1 0 0 96 160
person_187g.bmp 1 0 0 96 160
person_187h.bmp 1 0 0 96 160
person_195a.bmp 1 0 0 96 160
person_195b.bmp 1 0 0 96 160
person_195c.bmp 1 0 0 96 160
person_195d.bmp 1 0 0 96 160
person_195e.bmp 1 0 0 96 160
person_195f.bmp 1 0 0 96 160
person_195g.bmp 1 0 0 96 160
person_195h.bmp 1 0 0 96 160
person_196a.bmp 1 0 0 96 160
person_196b.bmp 1 0 0 96 160
person_196c.bmp 1 0 0 96 160
person_196d.bmp 1 0 0 96 160
person_199a.bmp 1 0 0 96 160
person_199b.bmp 1 0 0 96 160
person_199c.bmp 1 0 0 96 160
person_199d.bmp 1 0 0 96 160
person_199e.bmp 1 0 0 96 160
person_199f.bmp 1 0 0 96 160
person_199g.bmp 1 0 0 96 160
person_199h.bmp 1 0 0 96 160
person_199i.bmp 1 0 0 96 160
person_199j.bmp 1 0 0 96 160
person_199k.bmp 1 0 0 96 160
person_199l.bmp 1 0 0 96 160
person_201a.bmp 1 0 0 96 160
person_201b.bmp 1 0 0 96 160
person_202a.bmp 1 0 0 96 160
person_202b.bmp 1 0 0 96 160
person_202c.bmp 1 0 0 96 160
person_202d.bmp 1 0 0 96 160
person_202e.bmp 1 0 0 96 160
person_202f.bmp 1 0 0 96 160
person_202g.bmp 1 0 0 96 160
person_202h.bmp 1 0 0 96 160
person_202i.bmp 1 0 0 96 160
person_202j.bmp 1 0 0 96 160
person_203a.bmp 1 0 0 96 160
person_203b.bmp 1 0 0 96 160
person_203c.bmp 1 0 0 96 160
person_203d.bmp 1 0 0 96 160
person_203e.bmp 1 0 0 96 160
person_203f.bmp 1 0 0 96 160
person_203g.bmp 1 0 0 96 160
person_203h.bmp 1 0 0 96 160
person_208a.bmp 1 0 0 96 160
person_208b.bmp 1 0 0 96 160
person_208c.bmp 1 0 0 96 160
person_208d.bmp 1 0 0 96 160
person_209a.bmp 1 0 0 96 160
person_209b.bmp 1 0 0 96 160
person_209c.bmp 1 0 0 96 160
person_209d.bmp 1 0 0 96 160
person_211a.bmp 1 0 0 96 160
person_211b.bmp 1 0 0 96 160
person_214a.bmp 1 0 0 96 160
person_214b.bmp 1 0 0 96 160
person_214c.bmp 1 0 0 96 160
person_214d.bmp 1 0 0 96 160
person_219a.bmp 1 0 0 96 160
person_219b.bmp 1 0 0 96 160
person_219c.bmp 1 0 0 96 160
person_219d.bmp 1 0 0 96 160
person_219e.bmp 1 0 0 96 160
person_219f.bmp 1 0 0 96 160
person_220a.bmp 1 0 0 96 160
person_220b.bmp 1 0 0 96 160
person_220c.bmp 1 0 0 96 160
person_220d.bmp 1 0 0 96 160
person_221a.bmp 1 0 0 96 160
person_221b.bmp 1 0 0 96 160
person_223a.bmp 1 0 0 96 160
person_223b.bmp 1 0 0 96 160
person_223c.bmp 1 0 0 96 160
person_223d.bmp 1 0 0 96 160
person_224a.bmp 1 0 0 96 160
person_224b.bmp 1 0 0 96 160
person_224c.bmp 1 0 0 96 160
person_224d.bmp 1 0 0 96 160
person_224e.bmp 1 0 0 96 160
person_224f.bmp 1 0 0 96 160
person_224g.bmp 1 0 0 96 160
person_224h.bmp 1 0 0 96 160
person_225a.bmp 1 0 0 96 160
person_225b.bmp 1 0 0 96 160
person_225c.bmp 1 0 0 96 160
person_225d.bmp 1 0 0 96 160
person_225e.bmp 1 0 0 96 160
person_225f.bmp 1 0 0 96 160
person_228a.bmp 1 0 0 96 160
person_228b.bmp 1 0 0 96 160
person_228c.bmp 1 0 0 96 160
person_228d.bmp 1 0 0 96 160
person_228e.bmp 1 0 0 96 160
person_228f.bmp 1 0 0 96 160
person_229a.bmp 1 0 0 96 160
person_229b.bmp 1 0 0 96 160
person_229c.bmp 1 0 0 96 160
person_229d.bmp 1 0 0 96 160
person_229e.bmp 1 0 0 96 160
person_229f.bmp 1 0 0 96 160
person_231a.bmp 1 0 0 96 160
person_231b.bmp 1 0 0 96 160
person_231c.bmp 1 0 0 96 160
person_231d.bmp 1 0 0 96 160
person_231e.bmp 1 0 0 96 160
person_231f.bmp 1 0 0 96 160
person_232a.bmp 1 0 0 96 160
person_232b.bmp 1 0 0 96 160
person_232c.bmp 1 0 0 96 160
person_232d.bmp 1 0 0 96 160
person_232e.bmp 1 0 0 96 160
person_232f.bmp 1 0 0 96 160
person_233a.bmp 1 0 0 96 160
person_233b.bmp 1 0 0 96 160
person_233c.bmp 1 0 0 96 160
person_233d.bmp 1 0 0 96 160
person_234a.bmp 1 0 0 96 160
person_234b.bmp 1 0 0 96 160
person_234c.bmp 1 0 0 96 160
person_234d.bmp 1 0 0 96 160
person_234e.bmp 1 0 0 96 160
person_234f.bmp 1 0 0 96 160
person_235a.bmp 1 0 0 96 160
person_235b.bmp 1 0 0 96 160
person_235c.bmp 1 0 0 96 160
person_235d.bmp 1 0 0 96 160
person_237a.bmp 1 0 0 96 160
person_237b.bmp 1 0 0 96 160
person_237c.bmp 1 0 0 96 160
person_237d.bmp 1 0 0 96 160
person_238a.bmp 1 0 0 96 160
person_238b.bmp 1 0 0 96 160
person_238c.bmp 1 0 0 96 160
person_238d.bmp 1 0 0 96 160
person_239a.bmp 1 0 0 96 160
person_239b.bmp 1 0 0 96 160
person_239c.bmp 1 0 0 96 160
person_239d.bmp 1 0 0 96 160
person_240a.bmp 1 0 0 96 160
person_240b.bmp 1 0 0 96 160
person_240c.bmp 1 0 0 96 160
person_240d.bmp 1 0 0 96 160
person_241a.bmp 1 0 0 96 160
person_241b.bmp 1 0 0 96 160
person_241c.bmp 1 0 0 96 160
person_241d.bmp 1 0 0 96 160
person_242a.bmp 1 0 0 96 160
person_242b.bmp 1 0 0 96 160
person_242c.bmp 1 0 0 96 160
person_242d.bmp 1 0 0 96 160
person_243a.bmp 1 0 0 96 160
person_243b.bmp 1 0 0 96 160
person_243c.bmp 1 0 0 96 160
person_243d.bmp 1 0 0 96 160
person_244a.bmp 1 0 0 96 160
person_244b.bmp 1 0 0 96 160
person_244c.bmp 1 0 0 96 160
person_244d.bmp 1 0 0 96 160
person_245a.bmp 1 0 0 96 160
person_245b.bmp 1 0 0 96 160
person_245c.bmp 1 0 0 96 160
person_245d.bmp 1 0 0 96 160
person_252a.bmp 1 0 0 96 160
person_252b.bmp 1 0 0 96 160
person_252c.bmp 1 0 0 96 160
person_252d.bmp 1 0 0 96 160
person_253a.bmp 1 0 0 96 160
person_253b.bmp 1 0 0 96 160
person_253c.bmp 1 0 0 96 160
person_253d.bmp 1 0 0 96 160
person_253e.bmp 1 0 0 96 160
person_253f.bmp 1 0 0 96 160
person_253g.bmp 1 0 0 96 160
person_253h.bmp 1 0 0 96 160
person_253i.bmp 1 0 0 96 160
person_253j.bmp 1 0 0 96 160
person_254a.bmp 1 0 0 96 160
person_254b.bmp 1 0 0 96 160
person_254c.bmp 1 0 0 96 160
person_254d.bmp 1 0 0 96 160
person_254e.bmp 1 0 0 96 160
person_254f.bmp 1 0 0 96 160
person_256a.bmp 1 0 0 96 160
person_256b.bmp 1 0 0 96 160
person_257a.bmp 1 0 0 96 160
person_257b.bmp 1 0 0 96 160
person_257c.bmp 1 0 0 96 160
person_257d.bmp 1 0 0 96 160
person_258a.bmp 1 0 0 96 160
person_258b.bmp 1 0 0 96 160
person_259a.bmp 1 0 0 96 160
person_259b.bmp 1 0 0 96 160
person_259c.bmp 1 0 0 96 160
person_259d.bmp 1 0 0 96 160
person_259e.bmp 1 0 0 96 160
person_259f.bmp 1 0 0 96 160
person_259g.bmp 1 0 0 96 160
person_259h.bmp 1 0 0 96 160
person_260a.bmp 1 0 0 96 160
person_260b.bmp 1 0 0 96 160
person_260c.bmp 1 0 0 96 160
person_260d.bmp 1 0 0 96 160
person_266a.bmp 1 0 0 96 160
person_266b.bmp 1 0 0 96 160
person_266c.bmp 1 0 0 96 160
person_266d.bmp 1 0 0 96 160
person_269a.bmp 1 0 0 96 160
person_269b.bmp 1 0 0 96 160
person_269c.bmp 1 0 0 96 160
person_269d.bmp 1 0 0 96 160
person_269e.bmp 1 0 0 96 160
person_269f.bmp 1 0 0 96 160
person_269g.bmp 1 0 0 96 160
person_269h.bmp 1 0 0 96 160
person_270a.bmp 1 0 0 96 160
person_270b.bmp 1 0 0 96 160
person_270c.bmp 1 0 0 96 160
person_270d.bmp 1 0 0 96 160
person_273a.bmp 1 0 0 96 160
person_273b.bmp 1 0 0 96 160
person_273c.bmp 1 0 0 96 160
person_273d.bmp 1 0 0 96 160
person_273e.bmp 1 0 0 96 160
person_273f.bmp 1 0 0 96 160
person_274a.bmp 1 0 0 96 160
person_274b.bmp 1 0 0 96 160
person_274c.bmp 1 0 0 96 160
person_274d.bmp 1 0 0 96 160
person_275a.bmp 1 0 0 96 160
person_275b.bmp 1 0 0 96 160
person_279a.bmp 1 0 0 96 160
person_279b.bmp 1 0 0 96 160
person_279c.bmp 1 0 0 96 160
person_279d.bmp 1 0 0 96 160
person_279e.bmp 1 0 0 96 160
person_279f.bmp 1 0 0 96 160
person_279g.bmp 1 0 0 96 160
person_279h.bmp 1 0 0 96 160
person_281a.bmp 1 0 0 96 160
person_281b.bmp 1 0 0 96 160
person_281c.bmp 1 0 0 96 160
person_281d.bmp 1 0 0 96 160
person_283a.bmp 1 0 0 96 160
person_283b.bmp 1 0 0 96 160
person_284a.bmp 1 0 0 96 160
person_284b.bmp 1 0 0 96 160
person_284c.bmp 1 0 0 96 160
person_284d.bmp 1 0 0 96 160
person_285a.bmp 1 0 0 96 160
person_285b.bmp 1 0 0 96 160
person_286a.bmp 1 0 0 96 160
person_286b.bmp 1 0 0 96 160
person_286c.bmp 1 0 0 96 160
person_286d.bmp 1 0 0 96 160
person_287a.bmp 1 0 0 96 160
person_287b.bmp 1 0 0 96 160
person_287c.bmp 1 0 0 96 160
person_287d.bmp 1 0 0 96 160
person_288a.bmp 1 0 0 96 160
person_288b.bmp 1 0 0 96 160
person_288c.bmp 1 0 0 96 160
person_288d.bmp 1 0 0 96 160
person_289a.bmp 1 0 0 96 160
person_289b.bmp 1 0 0 96 160
person_289c.bmp 1 0 0 96 160
person_289d.bmp 1 0 0 96 160
person_291a.bmp 1 0 0 96 160
person_291b.bmp 1 0 0 96 160
person_291c.bmp 1 0 0 96 160
person_291d.bmp 1 0 0 96 160
person_292a.bmp 1 0 0 96 160
person_292b.bmp 1 0 0 96 160
person_292c.bmp 1 0 0 96 160
person_292d.bmp 1 0 0 96 160
person_294a.bmp 1 0 0 96 160
person_294b.bmp 1 0 0 96 160
person_295a.bmp 1 0 0 96 160
person_295b.bmp 1 0 0 96 160
person_296a.bmp 1 0 0 96 160
person_296b.bmp 1 0 0 96 160
person_297a.bmp 1 0 0 96 160
person_297b.bmp 1 0 0 96 160
person_297c.bmp 1 0 0 96 160
person_297d.bmp 1 0 0 96 160
person_297e.bmp 1 0 0 96 160
person_297f.bmp 1 0 0 96 160
person_297g.bmp 1 0 0 96 160
person_297h.bmp 1 0 0 96 160
person_298a.bmp 1 0 0 96 160
person_298b.bmp 1 0 0 96 160
person_298c.bmp 1 0 0 96 160
person_298d.bmp 1 0 0 96 160
person_299a.bmp 1 0 0 96 160
person_299b.bmp 1 0 0 96 160
person_299c.bmp 1 0 0 96 160
person_299d.bmp 1 0 0 96 160
person_300a.bmp 1 0 0 96 160
person_300b.bmp 1 0 0 96 160
person_300c.bmp 1 0 0 96 160
person_300d.bmp 1 0 0 96 160
person_301a.bmp 1 0 0 96 160
person_301b.bmp 1 0 0 96 160
person_302a.bmp 1 0 0 96 160
person_302b.bmp 1 0 0 96 160
person_302c.bmp 1 0 0 96 160
person_302d.bmp 1 0 0 96 160
person_304a.bmp 1 0 0 96 160
person_304b.bmp 1 0 0 96 160
person_304c.bmp 1 0 0 96 160
person_304d.bmp 1 0 0 96 160
person_304e.bmp 1 0 0 96 160
person_304f.bmp 1 0 0 96 160
person_305a.bmp 1 0 0 96 160
person_305b.bmp 1 0 0 96 160
person_305c.bmp 1 0 0 96 160
person_305d.bmp 1 0 0 96 160
person_319a.bmp 1 0 0 96 160
person_319b.bmp 1 0 0 96 160
person_319c.bmp 1 0 0 96 160
person_319d.bmp 1 0 0 96 160
person_319e.bmp 1 0 0 96 160
person_319f.bmp 1 0 0 96 160
person_319g.bmp 1 0 0 96 160
person_319h.bmp 1 0 0 96 160
person_320a.bmp 1 0 0 96 160
person_320b.bmp 1 0 0 96 160
person_320c.bmp 1 0 0 96 160
person_320d.bmp 1 0 0 96 160
person_320e.bmp 1 0 0 96 160
person_320f.bmp 1 0 0 96 160
person_321a.bmp 1 0 0 96 160
person_321b.bmp 1 0 0 96 160
person_321c.bmp 1 0 0 96 160
person_321d.bmp 1 0 0 96 160
person_324a.bmp 1 0 0 96 160
person_324b.bmp 1 0 0 96 160
person_324c.bmp 1 0 0 96 160
person_324d.bmp 1 0 0 96 160
person_327a.bmp 1 0 0 96 160
person_327b.bmp 1 0 0 96 160
person_328a.bmp 1 0 0 96 160
person_328b.bmp 1 0 0 96 160
person_329a.bmp 1 0 0 96 160
person_329b.bmp 1 0 0 96 160
person_331a.bmp 1 0 0 96 160
person_331b.bmp 1 0 0 96 160
person_331c.bmp 1 0 0 96 160
person_331d.bmp 1 0 0 96 160
person_331e.bmp 1 0 0 96 160
person_331f.bmp 1 0 0 96 160
person_333a.bmp 1 0 0 96 160
person_333b.bmp 1 0 0 96 160
person_333c.bmp 1 0 0 96 160
person_333d.bmp 1 0 0 96 160
person_333e.bmp 1 0 0 96 160
person_333f.bmp 1 0 0 96 160
person_333g.bmp 1 0 0 96 160
person_333h.bmp 1 0 0 96 160
person_334a.bmp 1 0 0 96 160
person_334b.bmp 1 0 0 96 160
person_334c.bmp 1 0 0 96 160
person_334d.bmp 1 0 0 96 160
person_334e.bmp 1 0 0 96 160
person_334f.bmp 1 0 0 96 160
person_339a.bmp 1 0 0 96 160
person_339b.bmp 1 0 0 96 160
person_339c.bmp 1 0 0 96 160
person_339d.bmp 1 0 0 96 160
person_339e.bmp 1 0 0 96 160
person_339f.bmp 1 0 0 96 160
person_340a.bmp 1 0 0 96 160
person_340b.bmp 1 0 0 96 160
person_340c.bmp 1 0 0 96 160
person_340d.bmp 1 0 0 96 160
person_341a.bmp 1 0 0 96 160
person_341b.bmp 1 0 0 96 160
person_341c.bmp 1 0 0 96 160
person_341d.bmp 1 0 0 96 160
person_342a.bmp 1 0 0 96 160
person_342b.bmp 1 0 0 96 160
person_343a.bmp 1 0 0 96 160
person_343b.bmp 1 0 0 96 160
person_344a.bmp 1 0 0 96 160
person_344b.bmp 1 0 0 96 160
person_346a.bmp 1 0 0 96 160
person_346b.bmp 1 0 0 96 160
person_348a.bmp 1 0 0 96 160
person_348b.bmp 1 0 0 96 160
person_348c.bmp 1 0 0 96 160
person_348d.bmp 1 0 0 96 160
person_348e.bmp 1 0 0 96 160
person_348f.bmp 1 0 0 96 160
person_348g.bmp 1 0 0 96 160
person_348h.bmp 1 0 0 96 160
person_349a.bmp 1 0 0 96 160
person_349b.bmp 1 0 0 96 160
person_349c.bmp 1 0 0 96 160
person_349d.bmp 1 0 0 96 160
person_349e.bmp 1 0 0 96 160
person_349f.bmp 1 0 0 96 160
person_356a.bmp 1 0 0 96 160
person_356b.bmp 1 0 0 96 160
person_357a.bmp 1 0 0 96 160
person_357b.bmp 1 0 0 96 160
person_357c.bmp 1 0 0 96 160
person_357d.bmp 1 0 0 96 160
person_358a.bmp 1 0 0 96 160
person_358b.bmp 1 0 0 96 160
person_376a.bmp 1 0 0 96 160
person_376b.bmp 1 0 0 96 160
person_376c.bmp 1 0 0 96 160
person_376d.bmp 1 0 0 96 160
person_376e.bmp 1 0 0 96 160
person_376f.bmp 1 0 0 96 160
person_377a.bmp 1 0 0 96 160
person_377b.bmp 1 0 0 96 160
person_377c.bmp 1 0 0 96 160
person_377d.bmp 1 0 0 96 160
person_377e.bmp 1 0 0 96 160
person_377f.bmp 1 0 0 96 160
person_377g.bmp 1 0 0 96 160
person_377h.bmp 1 0 0 96 160
person_377i.bmp 1 0 0 96 160
person_377j.bmp 1 0 0 96 160
person_378a.bmp 1 0 0 96 160
person_378b.bmp 1 0 0 96 160
person_378c.bmp 1 0 0 96 160
person_378d.bmp 1 0 0 96 160
person_378e.bmp 1 0 0 96 160
person_378f.bmp 1 0 0 96 160
person_378g.bmp 1 0 0 96 160
person_378h.bmp 1 0 0 96 160
person_378i.bmp 1 0 0 96 160
person_378j.bmp 1 0 0 96 160
person_378k.bmp 1 0 0 96 160
person_378l.bmp 1 0 0 96 160
person_378m.bmp 1 0 0 96 160
person_378n.bmp 1 0 0 96 160
person_387a.bmp 1 0 0 96 160
person_387b.bmp 1 0 0 96 160
person_387c.bmp 1 0 0 96 160
person_387d.bmp 1 0 0 96 160
person_395a.bmp 1 0 0 96 160
person_395b.bmp 1 0 0 96 160
person_395c.bmp 1 0 0 96 160
person_395d.bmp 1 0 0 96 160
person_414a.bmp 1 0 0 96 160
person_414b.bmp 1 0 0 96 160
person_414c.bmp 1 0 0 96 160
person_414d.bmp 1 0 0 96 160
person_414e.bmp 1 0 0 96 160
person_414f.bmp 1 0 0 96 160
person_425a.bmp 1 0 0 96 160
person_425b.bmp 1 0 0 96 160
person_425c.bmp 1 0 0 96 160
person_425d.bmp 1 0 0 96 160
person_425e.bmp 1 0 0 96 160
person_425f.bmp 1 0 0 96 160
person_and_bike_002a.bmp 1 0 0 96 160
person_and_bike_002b.bmp 1 0 0 96 160
person_and_bike_002c.bmp 1 0 0 96 160
person_and_bike_002d.bmp 1 0 0 96 160
person_and_bike_003a.bmp 1 0 0 96 160
person_and_bike_003b.bmp 1 0 0 96 160
person_and_bike_005a.bmp 1 0 0 96 160
person_and_bike_005b.bmp 1 0 0 96 160
person_and_bike_007a.bmp 1 0 0 96 160
person_and_bike_007b.bmp 1 0 0 96 160
person_and_bike_008a.bmp 1 0 0 96 160
person_and_bike_008b.bmp 1 0 0 96 160
person_and_bike_008c.bmp 1 0 0 96 160
person_and_bike_008d.bmp 1 0 0 96 160
person_and_bike_009a.bmp 1 0 0 96 160
person_and_bike_009b.bmp 1 0 0 96 160
person_and_bike_010a.bmp 1 0 0 96 160
person_and_bike_010b.bmp 1 0 0 96 160
person_and_bike_010c.bmp 1 0 0 96 160
person_and_bike_010d.bmp 1 0 0 96 160
person_and_bike_011a.bmp 1 0 0 96 160
person_and_bike_011b.bmp 1 0 0 96 160
person_and_bike_011d.bmp 1 0 0 96 160
person_and_bike_011e.bmp 1 0 0 96 160
person_and_bike_013a.bmp 1 0 0 96 160
person_and_bike_013b.bmp 1 0 0 96 160
person_and_bike_013c.bmp 1 0 0 96 160
person_and_bike_013d.bmp 1 0 0 96 160
person_and_bike_013e.bmp 1 0 0 96 160
person_and_bike_013f.bmp 1 0 0 96 160
person_and_bike_015a.bmp 1 0 0 96 160
person_and_bike_015b.bmp 1 0 0 96 160
person_and_bike_016a.bmp 1 0 0 96 160
person_and_bike_016b.bmp 1 0 0 96 160
person_and_bike_016c.bmp 1 0 0 96 160
person_and_bike_016d.bmp 1 0 0 96 160
person_and_bike_016e.bmp 1 0 0 96 160
person_and_bike_016f.bmp 1 0 0 96 160
person_and_bike_016g.bmp 1 0 0 96 160
person_and_bike_016h.bmp 1 0 0 96 160
person_and_bike_017a.bmp 1 0 0 96 160
person_and_bike_017b.bmp 1 0 0 96 160
person_and_bike_019a.bmp 1 0 0 96 160
person_and_bike_019b.bmp 1 0 0 96 160
person_and_bike_020a.bmp 1 0 0 96 160
person_and_bike_020b.bmp 1 0 0 96 160
person_and_bike_020c.bmp 1 0 0 96 160
person_and_bike_020d.bmp 1 0 0 96 160
person_and_bike_020e.bmp 1 0 0 96 160
person_and_bike_020f.bmp 1 0 0 96 160
person_and_bike_021a.bmp 1 0 0 96 160
person_and_bike_021b.bmp 1 0 0 96 160
person_and_bike_022a.bmp 1 0 0 96 160
person_and_bike_022b.bmp 1 0 0 96 160
person_and_bike_023a.bmp 1 0 0 96 160
person_and_bike_023b.bmp 1 0 0 96 160
person_and_bike_026a.bmp 1 0 0 96 160
person_and_bike_026b.bmp 1 0 0 96 160
person_and_bike_026c.bmp 1 0 0 96 160
person_and_bike_026d.bmp 1 0 0 96 160
person_and_bike_030a.bmp 1 0 0 96 160
person_and_bike_030b.bmp 1 0 0 96 160
person_and_bike_030c.bmp 1 0 0 96 160
person_and_bike_030d.bmp 1 0 0 96 160
person_and_bike_031a.bmp 1 0 0 96 160
person_and_bike_031b.bmp 1 0 0 96 160
person_and_bike_033a.bmp 1 0 0 96 160
person_and_bike_033b.bmp 1 0 0 96 160
person_and_bike_034a.bmp 1 0 0 96 160
person_and_bike_034b.bmp 1 0 0 96 160
person_and_bike_036a.bmp 1 0 0 96 160
person_and_bike_036b.bmp 1 0 0 96 160
person_and_bike_039a.bmp 1 0 0 96 160
person_and_bike_039b.bmp 1 0 0 96 160
person_and_bike_039c.bmp 1 0 0 96 160
person_and_bike_039d.bmp 1 0 0 96 160
person_and_bike_040a.bmp 1 0 0 96 160
person_and_bike_040b.bmp 1 0 0 96 160
person_and_bike_040c.bmp 1 0 0 96 160
person_and_bike_040d.bmp 1 0 0 96 160
person_and_bike_040e.bmp 1 0 0 96 160
person_and_bike_040f.bmp 1 0 0 96 160
person_and_bike_074a.bmp 1 0 0 96 160
person_and_bike_074b.bmp 1 0 0 96 160
person_and_bike_075a.bmp 1 0 0 96 160
person_and_bike_075b.bmp 1 0 0 96 160
person_and_bike_078a.bmp 1 0 0 96 160
person_and_bike_078b.bmp 1 0 0 96 160
person_and_bike_117a.bmp 1 0 0 96 160
person_and_bike_117b.bmp 1 0 0 96 160
person_and_bike_118a.bmp 1 0 0 96 160
person_and_bike_118b.bmp 1 0 0 96 160
person_and_bike_119a.bmp 1 0 0 96 160
person_and_bike_119b.bmp 1 0 0 96 160
person_and_bike_120a.bmp 1 0 0 96 160
person_and_bike_120b.bmp 1 0 0 96 160
person_and_bike_120c.bmp 1 0 0 96 160
person_and_bike_120d.bmp 1 0 0 96 160
person_and_bike_120e.bmp 1 0 0 96 160
person_and_bike_120f.bmp 1 0 0 96 160
person_and_bike_121a.bmp 1 0 0 96 160
person_and_bike_121b.bmp 1 0 0 96 160
person_and_bike_121c.bmp 1 0 0 96 160
person_and_bike_121d.bmp 1 0 0 96 160
person_and_bike_123a.bmp 1 0 0 96 160
person_and_bike_123b.bmp 1 0 0 96 160
person_and_bike_124a.bmp 1 0 0 96 160
person_and_bike_124b.bmp 1 0 0 96 160
person_and_bike_124c.bmp 1 0 0 96 160
person_and_bike_124d.bmp 1 0 0 96 160
person_and_bike_125a.bmp 1 0 0 96 160
person_and_bike_125b.bmp 1 0 0 96 160
person_and_bike_125c.bmp 1 0 0 96 160
person_and_bike_125d.bmp 1 0 0 96 160
person_and_bike_125e.bmp 1 0 0 96 160
person_and_bike_125f.bmp 1 0 0 96 160
person_and_bike_125g.bmp 1 0 0 96 160
person_and_bike_125h.bmp 1 0 0 96 160
person_and_bike_127a.bmp 1 0 0 96 160
person_and_bike_127b.bmp 1 0 0 96 160
person_and_bike_127c.bmp 1 0 0 96 160
person_and_bike_127d.bmp 1 0 0 96 160
person_and_bike_128a.bmp 1 0 0 96 160
person_and_bike_128b.bmp 1 0 0 96 160
person_and_bike_128c.bmp 1 0 0 96 160
person_and_bike_128d.bmp 1 0 0 96 160
person_and_bike_129a.bmp 1 0 0 96 160
person_and_bike_129b.bmp 1 0 0 96 160
person_and_bike_129c.bmp 1 0 0 96 160
person_and_bike_129d.bmp 1 0 0 96 160
person_and_bike_129e.bmp 1 0 0 96 160
person_and_bike_129f.bmp 1 0 0 96 160
person_and_bike_129g.bmp 1 0 0 96 160
person_and_bike_129h.bmp 1 0 0 96 160
person_and_bike_129i.bmp 1 0 0 96 160
person_and_bike_129j.bmp 1 0 0 96 160
person_and_bike_130a.bmp 1 0 0 96 160
person_and_bike_130b.bmp 1 0 0 96 160
person_and_bike_130c.bmp 1 0 0 96 160
person_and_bike_130d.bmp 1 0 0 96 160
person_and_bike_132a.bmp 1 0 0 96 160
person_and_bike_132b.bmp 1 0 0 96 160
person_and_bike_132c.bmp 1 0 0 96 160
person_and_bike_132d.bmp 1 0 0 96 160
person_and_bike_132e.bmp 1 0 0 96 160
person_and_bike_132f.bmp 1 0 0 96 160
person_and_bike_132g.bmp 1 0 0 96 160
person_and_bike_132h.bmp 1 0 0 96 160
person_and_bike_134a.bmp 1 0 0 96 160
person_and_bike_134b.bmp 1 0 0 96 160
person_and_bike_134c.bmp 1 0 0 96 160
person_and_bike_134d.bmp 1 0 0 96 160
person_and_bike_134e.bmp 1 0 0 96 160
person_and_bike_134f.bmp 1 0 0 96 160
person_and_bike_134g.bmp 1 0 0 96 160
person_and_bike_134h.bmp 1 0 0 96 160
person_and_bike_134i.bmp 1 0 0 96 160
person_and_bike_134j.bmp 1 0 0 96 160
person_and_bike_135a.bmp 1 0 0 96 160
person_and_bike_135b.bmp 1 0 0 96 160
person_and_bike_135c.bmp 1 0 0 96 160
person_and_bike_135d.bmp 1 0 0 96 160
person_and_bike_135e.bmp 1 0 0 96 160
person_and_bike_135f.bmp 1 0 0 96 160
person_and_bike_135g.bmp 1 0 0 96 160
person_and_bike_135h.bmp 1 0 0 96 160
person_and_bike_137a.bmp 1 0 0 96 160
person_and_bike_137b.bmp 1 0 0 96 160
person_and_bike_137c.bmp 1 0 0 96 160
person_and_bike_137d.bmp 1 0 0 96 160
person_and_bike_137e.bmp 1 0 0 96 160
person_and_bike_137f.bmp 1 0 0 96 160
person_and_bike_137g.bmp 1 0 0 96 160
person_and_bike_137h.bmp 1 0 0 96 160
person_and_bike_137i.bmp 1 0 0 96 160
person_and_bike_137j.bmp 1 0 0 96 160
person_and_bike_137k.bmp 1 0 0 96 160
person_and_bike_137l.bmp 1 0 0 96 160
person_and_bike_138a.bmp 1 0 0 96 160
person_and_bike_138b.bmp 1 0 0 96 160
person_and_bike_139a.bmp 1 0 0 96 160
person_and_bike_139b.bmp 1 0 0 96 160
person_and_bike_139c.bmp 1 0 0 96 160
person_and_bike_139d.bmp 1 0 0 96 160
person_and_bike_142a.bmp 1 0 0 96 160
person_and_bike_142b.bmp 1 0 0 96 160
person_and_bike_142c.bmp 1 0 0 96 160
person_and_bike_142d.bmp 1 0 0 96 160
person_and_bike_142e.bmp 1 0 0 96 160
person_and_bike_142f.bmp 1 0 0 96 160
person_and_bike_143a.bmp 1 0 0 96 160
person_and_bike_143b.bmp 1 0 0 96 160
person_and_bike_143c.bmp 1 0 0 96 160
person_and_bike_143d.bmp 1 0 0 96 160
person_and_bike_146a.bmp 1 0 0 96 160
person_and_bike_146b.bmp 1 0 0 96 160
person_and_bike_146c.bmp 1 0 0 96 160
person_and_bike_146d.bmp 1 0 0 96 160
person_and_bike_147a.bmp 1 0 0 96 160
person_and_bike_147b.bmp 1 0 0 96 160
person_and_bike_147c.bmp 1 0 0 96 160
person_and_bike_147d.bmp 1 0 0 96 160
person_and_bike_147e.bmp 1 0 0 96 160
person_and_bike_147f.bmp 1 0 0 96 160
person_and_bike_148a.bmp 1 0 0 96 160
person_and_bike_148b.bmp 1 0 0 96 160
person_and_bike_148c.bmp 1 0 0 96 160
person_and_bike_148d.bmp 1 0 0 96 160
person_and_bike_148e.bmp 1 0 0 96 160
person_and_bike_148f.bmp 1 0 0 96 160
person_and_bike_148g.bmp 1 0 0 96 160
person_and_bike_148h.bmp 1 0 0 96 160
person_and_bike_148i.bmp 1 0 0 96 160
person_and_bike_148j.bmp 1 0 0 96 160
person_and_bike_150a.bmp 1 0 0 96 160
person_and_bike_150b.bmp 1 0 0 96 160
person_and_bike_150c.bmp 1 0 0 96 160
person_and_bike_150d.bmp 1 0 0 96 160
person_and_bike_150e.bmp 1 0 0 96 160
person_and_bike_150f.bmp 1 0 0 96 160
person_and_bike_151a.bmp 1 0 0 96 160
person_and_bike_151b.bmp 1 0 0 96 160
person_and_bike_151c.bmp 1 0 0 96 160
person_and_bike_151d.bmp 1 0 0 96 160
person_and_bike_152a.bmp 1 0 0 96 160
person_and_bike_152b.bmp 1 0 0 96 160
person_and_bike_152c.bmp 1 0 0 96 160
person_and_bike_152d.bmp 1 0 0 96 160
person_and_bike_155a.bmp 1 0 0 96 160
person_and_bike_155b.bmp 1 0 0 96 160
person_and_bike_156a.bmp 1 0 0 96 160
person_and_bike_156b.bmp 1 0 0 96 160
person_and_bike_157a.bmp 1 0 0 96 160
person_and_bike_157b.bmp 1 0 0 96 160
person_and_bike_166a.bmp 1 0 0 96 160
person_and_bike_166b.bmp 1 0 0 96 160
person_and_bike_191a.bmp 1 0 0 96 160
person_and_bike_191b.bmp 1 0 0 96 160
person_and_bike_207a.bmp 1 0 0 96 160
person_and_bike_207b.bmp 1 0 0 96 160
person_and_bike_208a.bmp 1 0 0 96 160
person_and_bike_208b.bmp 1 0 0 96 160
person_and_bike_209a.bmp 1 0 0 96 160
person_and_bike_209b.bmp 1 0 0 96 160